28497 17471
61260 3193
57048 11857
78213 2265
2166 89046
91688 54381
58330 36320
11510 75104
6825 58267
18831 95072
22243 7140
53158 74050
70852 29262
47164 24420
5303 17628
10721 36908
56567 89933
87188 67558
89763 34727
43065 73853
38965 60513
84452 33316
97571 89860
27797 70708
87853 61408
54085 10122
22388 85931
92604 34376
27105 82847
92272 16369
9427 49130
75133 98149
39584 22974
75524 36579
21575 16655
28823 91196
16061 39416
76813 62342
64503 45749
75224 82345
37987 2186
33559 92087
64956 54356
55934 37643
5254 42744
6748 40664
24990 50104
48795 22346
24381 51285
21190 8496
71699 69042
13782 68748
38143 17459
78276 73233
33050 51338
88130 34031
88250 7726
4141 56889
5852 5489
65054 50974
28689 25164
79307 39226
26586 28155
60485 99410
85693 70510
93584 24360
63415 4732
38637 62494
37743 55340
3551 39766
10865 16506
10185 67077
11743 38173
88063 55927
35972 97537
80092 41747
20580 41278
11055 85586
40129 43119
44322 8755
74828 71851
19406 70581
3778 46869
13073 66376
29877 27419
25338 36222
84319 28747
56378 61613
80997 37273
44414 46468
47902 50418
60736 31867
77473 67112
61020 49477
88141 23865
32013 6022
77023 51845
44994 64563
10171 21423
85693 75390
23515 48706
53072 52984
39317 63010
33914 63009
1219 12794
63166 18183
74780 30312
51312 12951
37348 30468
82992 22805
21479 24245
32204 352
73918 29569
78944 6823
96715 14574
96317 10982
83514 43471
33202 71109
70040 90076
99182 39215
14798 2874
87309 22960
35508 94636
78523 78659
71180 31185
85689 17349
55672 79834
76059 32493
81171 7370
31294 59711
11093 29479
74083 81251
94266 59902
4716 7726
46523 26458
44901 73093
83229 62152
58880 75357
57484 91968
71490 70027
66858 81535
451 88807
71366 77789
20229 10728
20642 5743
73861 85166
87663 27648
91679 74543
97368 725
30560 81338
73388 14090
9954 63833
40808 90155
13652 2539
90492 51978
93303 17053
42009 60100
48827 34932
21171 60193
55877 3492
4307 13454
68951 65907
11459 60974
16802 36003
65780 59399
29917 19638
77912 15684
36093 88538
3486 34216
20509 21827
6387 36564
11106 25135
18367 42602
52169 86496
91897 5477
37835 99985
22125 61808
33561 35837
30050 6974
80607 27313
76402 15708
72113 63894
48351 67853
97546 25462
40010 97317
89909 22458
7814 15433
62331 82147
12657 6251
96207 50621
36332 843
69477 38098
13614 77935
53699 62089
67661 43203
12545 64028
36895 75992
86635 55848
