50302 52582
889911 891511
126723 119317
82946 13622
905 45336
40 68277
886 98393
360 97529
611 21632
338 46769
745 102173
192 12186
525 21154
653 3280
328 77785
398 105550
590 35720
903 55626
22 3828
445 9579
937 35237
40 106602
140 35978
13 32596
75 46961
819 85186
386 69455
286 75848
708 94722
3 3350
1 64045
8 23646
4 47417
4 79927
3 62450
1 34577
4 112094
9 80527
3 95908
9 17647
5 94795
8 30334
7 85809
7 85907
8 21151
7 19968
201987 203370
253617 255052
331284 339156
858861 859045
812164 813090
536201 536657
164284 164837
95974 99873
840205 840426
198416 199978
832078 833476
422125 424858
301343 301637
154264 158745
442647 446711
886081 886156
253606 254869
356372 357400
494754 497243
969250 970118
896868 900346
568996 571521
379588 381515
420541 420834
72424 72784
677082 678924
216024 220778
357104 358331
7333 72293
550417 551422
562162 564012
221986 224097
129972 131707
428266 429653
1 10
100 200
201 210
900 1000
1 1000
5 15
63 1
378850 382669
175797 184487
1245 12
12567 101247
981930 983038
91132 50689
44345 68607
69991 66288
15458 9832
47132 4488
61767 44644
49102 54207
85136 95594
37105 46062
80714 96859
859718 859136
1 1
56175 56175
816819 816820
723946 725386
43704 62795
553472 559784
559784 553472
12728 1735
100 200
200 300
300 400
400 500
100 500
500 499
24059 20384
23509 1230
1 2
103778 1
28603 33579
62000 7406
29460 107043
28551 30913
29847 28340
27144 20508
22811 74683
42821 75539
112852 17064
81473 31886
56318 28535
63944 105312
91866 18473
98631 87158
1 999
999 1000
99999 1
1 99999
103304 62804
74320 23296
102690 88650
39648 67508
2 2
49599 42106
105299 36715
10694 72958
65529 37444
91975 16569
107568 47750
484608 485886
32018 47537
51061 17518
94928 45576
66681 31058
65238 64217
85467 45684
1 20
1000 2000
2000 3000
2000 5000
2222 1111
62568 65250
103856 86403
81461 78566
58203 46770
62690 90060
37281 22801
81566 58588
35474 42368
87385 95258
101837 68366
81600 103000
73596 39491
26059 84855
37444 8055
76829 5703
47989 75984
71035 11153
2471 26049
52202 40447
70307 64861
44904 9937
54023 77341
23135 38339
20973 57111
72899 70814
20788 62069
66078 79525
92604 15167
56401 92018
32571 97813
88598 43225
34953 28601
57289 81238
78059 3549
57149 98662
98443 35815
17311 52209
