50 50
2 5
16 4
4 16
8 7
12 18
18 22
22 24
24 2
24 32
32 70
70 50
58 1
34 40
40 10
10 100
70 65
72 5
100 500
500 3
333 623
462 492
140 159
196 700
5103 234
44 88
88 123
900 10111
349 22
44 888
694 223
584 111
20001 10002
3585 2832
94 8000
493 784
28 4000
7000 6
4839 234
89 452
87 7584
4312 489
11 11121
4858 8839
3 7935
849 32
8060 8354
7462 7512
581 1
904 706
883 714
99 1384
2 888
90 12
543 2
48 100
700 341
858 2394
99 99
98 99
47 48
900 876
472 4892
8592 4723
4261 2134
4311 2228
859 111
2218 6384
1236 7192
83 5555
551 5512
3841 777
184 2384
8853 312
2385 121
186 891
823 242
447 774
882 228
553 335
996 669
887 778
3344 4433
770 9765
443 12
482 2
38 673
446 484
363 636
5858 2144
3858 2919
58 987
8493 244
859 124
423 235
29 17
5 9
9 13
23 5
12 1011
1101 12
8294 184
