1 10
1 1
10 1
22182 42782
4020 68682
90826 40197
6367 48898
92346 26094
60094 16593
78828 43826
81415 40452
66853 16343
50823 1837
91336 15809
77247 56908
70936 32906
2413 21943
6378 84488
14079 13551
72230 60075
77549 1357
29932 22626
13713 59722
85314 47088
48845 37208
37336 1408
36466 97751
16493 49026
4824 25871
91065 79277
14883 29765
27333 52740
23178 20753
25907 82223
31501 95291
20470 56917
71101 96673
17534 57177
12929 87508
76206 461
17431 21224
75502 5151
37498 61073
93409 58296
66383 58522
26678 25751
78773 69388
13231 48759
47644 55723
80126 29723
32163 94211
29156 21705
22576 87697
56695 69100
838316 839677
45912 145
30612 58883
7531 11300
65073 70836
85410 32659
83799 60307
92133 12236
33908 24537
4898 28117
96107 23483
58296 19276
31714 82052
10016 99544
48859 6017
22436 12052
38440 33690
81904 83369
93849 15168
80809 2596
32692 27990
33458 4245
19463 98607
28581 12523
68147 64620
32772 68596
73103 44436
58422 18265
70442 30639
85080 12221
68788 38461
98728 52886
91695 84036
36565 66325
59756 33609
28917 73784
34540 77120
95927 61880
3 12627
87951 68581
65061 69455
66365 56659
34051 68690
67688 89464
93643 71538
45192 39491
36590 14123
89342 53509
36073 23166
93451 82779
34752 19199
79658 17452
90340 91173
91906 90049
91567 91230
91123 91169
90427 91092
90368 90936
91631 90227
91699 90173
90155 91730
90267 91381
91353 91056
91506 90631
90293 91490
51914 50886
51407 51329
50628 50918
50658 51157
51973 51631
51024 50203
50401 51813
51477 50936
50695 50926
51869 51058
51892 50362
40469 41989
40449 40232
40995 40288
41046 40866
40289 41242
40081 40029
40068 41336
41613 40146
41628 41296
40819 40857
41553 40154
41862 41586
40919 40190
31925 30122
30538 30903
30313 30829
31207 30636
31761 30675
30095 30581
31439 30634
31284 31526
30649 30010
31697 31044
30208 31050
20252 21542
20110 21040
21599 20662
20195 20258
21561 20428
21627 20025
21374 21544
21834 20962
20497 20022
21148 20758
21924 20040
21181 21925
21910 20559
21404 20900
20782 20305
20921 21624
71768 71476
70739 71465
71254 71681
71196 71793
71873 71528
71681 71318
70828 70041
70724 70299
70096 71164
70959 70659
71360 70835
60850 61031
60008 61036
61175 60287
61146 60238
61564 61630
60249 61316
60757 60607
60362 61182
61566 61489
10650 10664
11382 10638
10132 10960
11074 11885
11250 11782
10669 10924
11560 10194
11963 10419
11227 11946
11857 10394
