1 10
100 200
201 210
900 1000
346457 355780
149425 149448
15205 59758
846306 847795
133084 134289
916101 916214
965830 966271
542728 542878
807557 808880
808512 808736
94141 94432
177180 182451
681806 682509
81475 111283
200767 201203
281840 283670
331134 334412
170803 180294
265712 265827
901283 902567
929607 929793
445448 445673
701012 701894
909657 909790
299397 300182
837077 837724
804398 805962
685641 686707
902196 902210
853864 854063
426956 429386
193963 196464
518158 522256
73201 84994
826773 827176
694550 694952
663361 664769
119342 122000
900279 900711
855957 856604
924098 924358
24732 29567
89134 113049
656668 662103
423202 423559
670800 678013
749512 750743
180822 184264
902454 902612
567781 568172
623081 623231
528187 529095
596907 599763
902385 905350
721901 723225
886327 886379
320113 322491
767636 768683
391231 391463
728532 728604
618093 620426
392716 392931
52526 96139
538959 539135
780262 780352
852347 852379
775429 775606
813627 813752
720891 722342
881753 881911
140414 141170
545333 550876
675412 679584
128952 131936
218176 222482
832261 832707
808180 808365
191096 191137
461783 466181
296348 299905
831977 832614
291908 294366
73961 83755
550557 550771
94938 98689
143879 148125
802050 803491
32524 90815
628450 629017
711327 711735
32237 105329
20004 75572
816998 817037
84152 86552
320289 322626
337625 339912
403566 404596
399663 401333
112561 112841
920774 921455
845445 847407
300093 300650
445908 453181
806811 806866
703370 704065
990081 990713
888341 889264
549930 550931
81215 102805
996279 996519
3457 94400
950655 951174
593196 597246
210586 211129
251845 254397
578848 579018
7794 85136
169333 169810
408802 410707
184334 184417
864165 864970
231673 236383
344767 355723
531970 533286
422188 424648
354685 358045
142779 144398
552128 552264
134925 135196
394762 399202
51071 82048
436783 436898
160270 161246
481525 482163
87794 112788
703562 703945
66740 75273
127724 130929
999320 999880
326301 331060
710218 711532
815499 815697
680745 683257
110528 110631
356157 358003
482490 483427
425995 426079
971638 971757
138252 138339
975964 976152
503715 503951
620753 620856
199586 199753
449875 451821
187854 188422
7233 41236
470456 476328
340771 349469
685380 686452
874492 874582
357938 358245
849897 850060
766424 768909
56559 73665
538078 538190
697383 698421
684468 686028
588718 588762
587629 588402
576085 577161
540703 540928
131360 132023
126731 129235
449341 453184
999573 999700
465513 465819
775151 775229
628318 629196
270779 272306
928827 929864
986144 991229
716645 716661
997606 997765
166103 168388
764796 764928
165557 165643
492986 492995
865921 868489
787969 788202
764787 764894
248024 254505
151303 151678
581099 581242
686700 687749
501235 502277
668071 668811
281750 284029
807432 809072
94682 104878
884965 886063
