1 10
100 200
201 210
900 1000
983222 983738
1378 61135
326427 335954
989870 989973
986444 987321
4528 50032
53782 68253
61409 106141
995416 996850
79741 93014
49583 97839
987618 990384
15604 72448
880053 880877
53950 75670
891229 899950
997993 998396
24044 91975
969311 971363
81431 92109
26317 100885
16874 86194
985122 990554
24869 100433
992962 995035
845201 845282
790901 793096
469882 471327
999626 999872
964564 966791
193502 199995
923133 923824
49533 63707
55269 112228
22849 51201
4993 5218
2425 49554
993417 995762
874726 881610
70986 92267
834369 834631
984725 986808
998469 998594
195567 195733
934191 934459
5394 60472
994903 996944
1373 108918
999037 999155
972273 972918
658419 662884
34100 81374
27854 56606
60915 91536
2564 25099
991310 991616
144783 145093
165121 167739
987817 987935
591436 600231
990293 991551
60987 88449
88130 110541
17721 26909
999358 999704
43943 86568
73080 79238
440386 443670
991396 991401
821124 821933
58609 89291
998305 998372
994386 996304
822581 823408
185261 185895
43715 85760
29641 97944
894357 900705
986169 987191
30696 62505
592313 595659
670140 678005
845672 846189
889985 898627
349036 349266
56590 97281
341539 353698
89900 97450
251336 253628
999695 999788
856423 856623
29176 89790
6148 37889
874870 882354
976611 977334
953860 954790
13064 89394
173741 183859
994032 995181
993970 996285
33653 75277
340172 348976
998019 998081
976763 977510
676462 680140
983474 983899
33259 95870
890387 899530
595703 595974
59562 100775
392167 392255
173062 177812
5601 19212
692721 694938
538630 539288
776926 776986
82098 110683
547504 547537
987292 987423
993381 996298
964364 965514
24754 110175
64318 90594
993324 996069
952066 952969
49614 64947
999755 999792
976353 976706
911802 912152
999288 999929
940645 943473
987236 989543
977647 978538
992115 995446
743436 747288
890509 897040
92780 101676
173615 178938
562416 562896
943872 944037
1142 62073
18447 22179
37772 107318
116155 133593
58404 71224
33030 38010
994767 996954
