1 10
100 200
201 210
900 1000
999998 999999
1 100
100 1000
1 1
1000 10000
15 25
60 70
2 1
999999 999998
100 300
200 300
13576 80047
44570 14792
16324 1608
54291 79237
20470 68821
84825 40212
28431 43312
29054 50773
53743 12768
5789 12147
21947 67238
86864 54932
83199 3299
10113 95472
37088 1495
23101 59020
48145 19720
25986 47409
71894 37701
26708 95908
77627 74840
33440 76234
70589 78993
3215 88569
73610 6856
79879 92257
94508 27082
96409 12328
22101 80278
81980 65213
2524 9082
84670 42788
56684 10222
23953 33963
82009 94888
13331 55711
12731 51585
56653 66022
5241 28204
31546 44434
76304 14922
14202 79596
44429 2701
40760 3278
25887 44470
67612 512
12370 47964
5412 33727
27457 88108
83386 38836
33342 76392
49788 76523
78789 48039
48309 728
87794 76542
70775 40961
82289 89340
23990 2552
37469 88528
43152 71901
36503 34604
62231 89662
31877 19542
98355 66914
77332 76436
74499 27761
25113 53011
1527 27240
27075 20434
57155 29544
30236 51478
28188 37757
11465 67636
78439 76193
32300 46900
12586 78276
39435 70373
93873 31580
40456 32573
17679 78000
75570 28845
68821 41471
55523 89951
92339 79810
25807 74344
65911 22709
31419 60504
10302 27906
69815 38111
1732 72746
99126 31376
1202 9309
37776 63737
15129 27823
44960 40952
31502 74716
42653 72568
45114 83076
76948 30406
12601 63202
45590 19742
12040 98556
14078 12965
98932 41811
7996 1258
94184 44742
83381 35832
26355 9315
29709 16821
85447 20749
22103 71464
81398 81373
5508 17721
55435 71700
31260 71364
10868 91397
94060 29441
12395 23493
17533 37447
90034 80649
56760 7122
35053 18159
35362 45496
31077 75553
65328 71890
86341 87515
44566 69070
18106 85632
19326 89836
87272 43883
92228 34580
40290 52748
58827 67198
41957 24539
8358 51148
30750 39252
31572 47700
14727 55754
30436 76906
59693 78592
88408 40425
86447 71905
46232 50570
59019 71464
62519 62699
92495 38811
24249 59429
24565 56171
18361 38346
28940 4
