7005 7047
1172 1179
1487 1780
7535 8484
5153 6167
2928 3328
1757 2887
541 618
643 702
7406 7578
6087 6902
2676 3201
9583 9879
3591 4924
4882 5023
5102 5381
2726 3185
4468 5533
6173 7704
9569 9570
3325 4406
1271 1391
6043 7370
4836 5092
8854 9576
920 1072
3020 4403
1455 2796
4768 5840
9818 10296
5120 6300
6808 7205
4432 5731
3861 4452
5494 6047
2630 3414
8276 8970
7278 7513
6646 6863
5103 5846
66 748
774 1878
851 2749
4420 4503
512 1054
575 901
5682 6025
558 1512
3703 4059
521 581
72487 74498
75538 76194
19841 22907
44575 47832
82030 83192
65260 68865
59769 64664
5370 6770
33748 35457
66927 69135
87589 88860
53328 53336
3990 4259
44033 49250
6158 7154
54006 55379
23407 28568
49941 52871
14719 19387
54235 59035
17718 17771
12444 14091
77262 79877
51619 54722
46663 48838
36661 37828
58626 60000
90174 94650
76825 77357
26209 26689
88997 90689
70518 72708
12569 13517
34754 35036
18356 18515
5467 6406
89245 92398
83545 88211
48085 48588
66327 68916
7146 7394
74904 75030
39910 42679
69390 71099
86400 89653
45607 46008
47339 49015
49037 51615
58140 58543
76734 78641
442803 443744
411985 413362
342848 343136
25803 26074
62425 62862
285705 286875
993565 995891
496922 496989
511222 511280
342930 343200
260902 262558
578252 578466
228702 230660
434110 435873
315968 317614
964834 966555
659043 661399
520807 522939
307595 308757
398327 401884
313705 317079
143041 144190
674291 678380
879876 881168
897616 900632
548693 549930
287362 288035
83844 86066
262445 264280
323813 326716
146402 146993
942997 944324
680759 682601
565446 566348
798571 799084
409121 414187
595972 604007
145754 148613
10653 17205
10905 13391
513164 513857
341277 345251
73837 77295
169463 169997
8001 8640
457804 458075
263718 263791
510990 514223
136405 137372
593970 597312
395292 399282
33149 35916
47027 48657
293761 296505
175775 178834
362561 362693
141360 142868
166126 169478
66581 81550
213950 226743
596163 597211
226805 234605
682546 684276
94234 96748
17776 23186
986585 987828
470411 474897
690116 690870
421517 424329
534899 535114
56089 57062
395576 398009
62697 69614
701974 703555
682669 685252
61111 65440
139837 146011
19908 25871
20938 20994
434346 434619
59681 68601
264460 265847
63602 66993
96873 98430
568435 572478
142459 144330
799383 800637
172360 181878
443307 446298
254 4996
371730 375554
50138 54142
43148 43692
7757 20026
77676 77897
802590 802927
907517 907595
185259 185580
333952 336043
164196 169377
