1 10
100 200
201 210
900 1000
1 1
97761 25021
54043 20805
71698 63429
42716 30161
47853 19026
68277 65259
88611 74852
36947 64646
83438 84702
82692 69037
34315 14369
94235 93500
62847 65610
990 82868
10076 89812
65616 20124
21941 28036
43817 38869
76898 82988
7980 43645
13596 37258
13781 18473
32853 7299
41142 17536
2706 61357
97032 26566
48325 64878
98777 26248
94475 78467
8681 97438
14557 65245
53600 37569
86536 82583
1260 54581
83403 14923
33936 33681
63495 85664
77609 33473
82269 80217
79927 67292
47088 69539
57364 25499
14213 71705
58234 96438
50857 16573
29568 33266
72597 65751
75523 36965
62179 93385
20624 63085
78244 92029
19293 57247
88313 86749
49583 34847
90436 35670
17750 9808
59753 25525
10303 60649
62974 48085
18106 55152
54576 57346
85192 32473
22549 73640
88330 87984
35322 21220
75358 24157
75044 66029
71464 93708
2451 40561
33189 22808
94448 45041
61050 81989
47344 34024
27251 22390
83345 90363
57873 97906
46055 56239
4920 67999
9499 64314
67225 14495
81755 34813
13913 84554
44952 34679
81245 94263
82443 3341
87177 69912
34300 17477
59213 56001
62699 33937
25129 35860
32688 57817
48541 16207
1376 14998
97172 48904
18489 45731
80630 66938
8607 49643
92719 29621
61350 69870
17400 34743
54167 15492
46782 31904
15832 97273
94550 25299
72680 72646
18717 59371
3474 47755
38147 79718
34973 52347
80978 81854
79441 96563
13130 35038
95340 41987
67569 43169
31880 6342
94268 94696
12472 97028
35492 23822
83927 60524
21317 45064
10745 99766
16697 56948
72465 93855
13145 16687
35443 55934
81810 4766
12036 30951
99731 73969
75356 55494
4701 47801
84571 50310
37934 21313
73785 41668
94025 16510
37129 50186
8243 82417
21137 97180
671 68569
77284 45726
71067 67356
69828 3443
10007 9339
41706 79759
48364 67140
4176 35664
27025 61358
68066 27304
21763 30493
70738 34788
64317 91070
