1234 5678
3421 1234
1500 2500
86445 23842
1 1
10 9000
72 4234
99 55
2000 3000
2500 1500
15000 13000
23 4243
12 43
123 7632
120 32452
634 23
763 35732
53235 63425
23452 56323
2342 6346
5346 3223
234 645
234 535
100 200
200 2000
7 9
5 9
234 753
654 234
6321 5342
325 7453
562 634
333 555
300 400
3 4
30 40
54 85
47 45
145 241
2241 5548
551 669
666 1337
420 6969
245 845
545 545
555 666
666 666
222 222
444 568
4885 645
622 987
632 333
335 555
222 444
888 777
111 9999
666 6969
874 556
221 221
223 224
818 181
154 1
1 11
55 55
44 44
77 77
5555 5555
666 666
777 889
784 5698
5141 5448
474 5454
410 341
8888 9999
4474 5112
548 7748
6652 4458
5478 6621
8587 5145
5214 6541
2225 1111
5444 5555
2244 5988
5544 6644
5587 6647
2654 8874
5568 7741
11 12
574 5224
2144 6840
10 440
450 8712
5870 142
2541 4551
1775 8987
5548 6645
1578 6974
547 8565
547 877
568 547
547 8774
