62742 67164
98352 67113
68233 74709
80382 91514
34342 27680
13897 15186
24563 15365
99999 99999
33488 23934
58919 10513
87463 41215
1498 98302
55571 56767
27883 6608
88481 1503
42381 95036
7075 72332
23983 30531
87432 21329
89191 17212
76567 8229
95386 92784
38248 55588
38026 34783
49183 39292
13820 47456
7909 20926
3077 1669
10 10
73189 85972
94066 50141
54528 5906
51344 27059
91374 35685
47390 97171
38898 82440
10669 3565
90136 37941
85136 64850
24045 56472
3494 75835
39835 27647
99970 96362
95328 23406
32051 46344
52746 35536
95541 47213
62865 6151
35443 50141
91153 49060
73334 72240
83554 29682
78703 41418
19029 16333
93757 63721
55918 70864
52220 84030
76793 9644
62410 83762
87530 32372
53879 82985
4373 68693
49480 25188
2278 66340
9032 75712
81727 77807
12652 39708
17548 67221
62529 86169
41251 52721
79509 90010
14045 81
85246 37194
96940 4646
13163 80476
75577 13172
77317 94894
55003 51881
85793 70407
74357 6603
89573 3423
91212 67913
96212 83358
56515 12307
41720 64348
57942 2886
13451 67688
7728 98175
44034 12356
128 128
40201 33489
42583 42125
83103 82642
62129 37209
84687 36207
14898 53625
62896 90624
23069 57726
52621 24183
8993 80376
33725 13105
77159 93017
49281 61935
14868 84056
70489 81758
64219 96657
77155 9426
16963 78697
66225 95890
99791 51824
30309 49996
93616 67135
48332 22153
74244 75873
67925 55067
61192 82350
3045 3045
77133 25427
11458 13074
34104 24688
55716 30541
40301 61233
99613 67763
35886 84876
69602 78643
39363 62903
94728 94728
94548 74677
43794 80707
10862 53757
43613 50184
12590 83500
5785 20315
43837 1573
97734 86429
7933 2221
25999 88109
90382 2508
44736 75518
27452 85616
47871 39203
61769 94736
7177 16678
68403 37006
37834 31448
53217 16694
95223 48546
65039 54339
60300 45275
5076 15553
71293 63570
82540 36429
7579 70315
16103 54616
25958 33703
1 1
2 2
3 3
4 4
5 5
6 6
