1 10
100 200
201 210
900 1000
1 1
20 20
298337 283910
8293 2783
122 123
456 1298
900000 899999
1234 5678
39847 12987
1 250
4092 8923
200000 200001
13987 3789
12987 34500
312879 327422
128219 129837
777 444
1247 9183
12389 12938
1 12
21 1
12 1
90 100
3489 1039
20000 25000
2938 4358
10010 20020
40 50
23 23
20 19
2309 2308
23984 34059
102 239
239 4793
1094 2039
5609 5894
120 390
230498 230984
230 2309
18 120
23490 24598
20 88
283 209
375
820 2348
183 102
2380 2384
129 389
324 472
3294 2948
19 190
28 380
2374 239
23 2938
3 299
320 398
3 10
3458 2304
20 200
23789 23400
234 2098
489 19348
28 2873
475 579
20 46
4 7
47 48
48 47
500 1000
300 1000
200 1000
209 2093
357 2904
4289 1200
80 81
81 8
80000 81000
80000 80001
1892 21894
108 1298
2049 4098
182 10
2 4
4 8
8 16
16 32
20 2039
2348 20
238 3849
20 202
357 398
2092 480
23094 23840
238 209
8095 2380
3459 3048
27 20
50 380
304 3045
28 302
374 570
3458 3805
109 1290
124 1793
3250 1093
345 1029
358 2093 
13580 23948
23 23
250 389
357 1093
21 402
3480 8752
298 2352

