25150 25716
19674 15205
83113 81976
26334 51668
34885 3708
70125 15938
53921 48032
89320 93607
63615 5966
37881 41806
82888 19286
39267 17419
16829 39397
48225 14286
87402 86437
71952 33397
79208 62791
86742 56992
14018 58895
11508 93707
48645 58402
82874 95731
2400 79257
99279 25074
65603 99168
23515 59725
25154 74145
99541 32533
24649 32740
83784 79459
74182 98673
16673 17885
34814 38221
7689 50354
71172 69870
72147 71687
19893 23335
32177 65773
43158 49578
1394 99119
91447 50359
6456 8589
53367 52341
15131 48135
29597 95768
5878 84548
22244 59225
67606 57384
93487 85828
93308 40026
97742 74388
65307 57399
930 54282
36111 53461
98015 49538
38668 69570
60323 36503
67122 15329
53464 80724
96801 90426
82588 33060
46975 58152
33607 36680
69920 2762
61013 18983
84445 34400
28647 88769
47163 15935
2166 38797
45111 6006
67404 93422
11691 46624
3978 81856
83341 42915
13842 87826
63036 37657
22484 48143
48622 84578
15662 97063
11287 62601
66483 39817
54108 28695
73216 86392
91328 19230
82233 63105
82606 82235
1056 89688
47892 94294
12457 16517
57687 69269
32139 13990
4135 10843
99715 14613
81850 18983
83179 62301
23075 9377
75577 79296
62675 30305
43550 10318
82441 68221
17092 58562
44726 94605
8959 44330
61466 77707
24214 4123
74289 69537
39467 31642
65583 8615
48224 38816
68702 94105
84772 52450
89246 93364
25903 96772
61277 3410
15831 59070
29400 20299
5151 21128
8003 67509
29088 52421
88284 18198
9889 68211
36144 67709
96499 49863
22552 42397
53927 2988
71380 70864
72847 64743
47788 54596
97777 68290
95452 3711
79423 70716
82179 27380
67278 22567
54459 18066
697 97078
23732 88888
97617 3243
22442 27322
68617 29127
90238 33297
68355 84295
64192 84698
7094 78976
66880 15040
58488 88960
16784 73850
1835 88115
40118 59519
38873 11533
46281 69426
