177992 183589
941752 943825
93343 99480
20865 54679
798098 799579
245639 245971
771038 772966
150029 150610
1232 110338
853673 854177
593738 599189
22861 102633
53504 94619
996241 996436
373398 373855
913387 916393
50241 95803
897136 897955
277389 279024
41950 43868
459946 461800
275096 275210
618972 620456
240277 241047
33483 33877
455761 457925
489782 489938
447157 447274
745846 746974
909715 909806
771132 773580
266486 268557
778452 779702
7238 24070
734892 736132
260665 268281
215855 218905
790752 791983
65482 103620
419136 419542
557422 558618
388702 388706
420090 420129
388575 388693
805554 806110
553091 553355
463774 464803
46348 101978
712094 712925
38672 81797
677115 678011
297832 297907
188277 190204
664258 664460
419038 419802
313165 316254
262916 266909
517451 518486
90805 108434
765796 769324
95796 105453
599424 602493
225924 226340
629413 629505
391749 392810
157182 159058
547133 550244
300430 301030
14781 62532
281467 281842
547103 549034
666320 666845
70975 104652
20196 95112
199456 199911
183310 183932
457390 458613
820277 820729
653683 654085
190983 191096
487729 487956
813099 813134
595415 596560
806119 806155
744855 744983
110417 111915
358883 360082
945608 945765
372671 374508
887432 889444
506972 508151
533881 534870
508310 509548
57171 65369
99873 109808
957502 957614
116089 133263
173653 183650
578251 579194
439967 446527
796033 796286
937964 938478
324073 331867
172933 178237
363447 363452
827462 827573
675886 680015
850891 851024
746407 746926
299657 301716
89544 96212
399038 401754
597690 600025
651662 653161
255653 258037
106940 108608
869495 869868
506984 507616
155156 159478
859394 859526
877605 878942
370188 372701
489570 491562
350040 356666
241242 241352
532565 534677
324674 335658
94410 104163
37824 82757
811075 811366
678168 679608
516368 516375
57596 105309
448763 453430
72257 92781
581298 581352
722037 723939
712645 713111
86631 91025
389392 392461
189140 190318
947935 951065
256424 257816
626319 626328
669181 669869
892737 896572
217443 223991
785858 785867
466955 466964
804532 805795
429082 429971
716047 716455
326604 333744
896525 900854
147679 149655
288155 288266
504833 509288
352864 354127
377926 377993
263974 267878
698660 698681
996296 996886
475743 476558
120035 130927
803184 803304
429498 430237
783589 784607
215624 223551
726989 728351
997980 998123
172634 177725
737841 737902
941051 942674
303518 305786
286399 286782
227830 231232
792636 793754
150158 151118
111901 112708
233360 236244
666370 667048
647363 647455
944560 944609
438637 448283
22235 60099
801714 802465
603358 603652
708358 708816
350151 355855
605788 606338
590928 600234
168330 169797
644133 644904
43872 74570
232592 234879
351208 354794
68009 76196
685274 685780
304182 305817
630993 631160
