48686 49235
22034 80317
99155 3038
591863 601066
88026 71676
68979 91186
448799 438733
20341 195
296934 293366
182727 182194
129295 133208
590394 598880
9266 96303
462781 464089
50774 58330
2747 49242
43791 60707
42887 19994
41429 6616
297159 301391
912843 916473
81611 70280
175306 179256
27240 25749
8398 99730
101190 47312
116826 126255
444377 441792
95910 112250
76071 57629
10628 112456
40790 55180
199743 195576
91116 5553
47933 102773
3069 21621
300805 291776
232962 231779
514586 511571
29205 7060
782711 782583
33417 71280
978421 978423
111843 4725
63139 55156
423714 423465
105371 37382
8504 104180
6986 20334
99865 11321
54615 24899
935436 936066
104597 60598
28241 57418
36458 60217
89838 39077
1502 58146
16401 58692
67691 81895
96587 44887
67404 87970
93095 110550
349861 343370
338718 332477
69872 93534
23592 10169
918069 917377
557220 555629
33982 34446
551041 546363
45645 13755
48132 20864
253054 249181
26551 96467
31037 102668
87069 76136
64826 6216
115502 116546
215065 217331
125719 113833
296357 301507
1985 72416
371208 370071
63318 10040
35090 75358
7145 4801
130431 130248
102408 44503
192130 195471
63649 50425
109392 25137
42381 9118
856611 855898
48425 17569
83280 18911
6403 65110
53041 54056
78952 96976
470777 473266
109898 50567
634928 632242
91337 15805
112726 34108
89423 86184
703466 704290
68745 7933
588158 585079
102600 23020
763341 760314
47014 32294
17517 60296
7301 95649
109809 50954
469687 469493
50662 27400
260583 262183
92198 93816
53977 7945
234088 236907
183177 175579
894046 896833
103416 69146
300480 297330
97822 78655
15464 15581
3791 87409
86289 7231
657569 661325
57931 17606
68531 73356
13926 84637
55316 15913
18982 106406
439944 444373
664847 656960
38624 1147
936588 936675
458097 456190
54324 93453
70233 89807
106791 6092
87645 36374
101308 12628
76231 79425
111410 81436
55813 50730
90017 13018
103282 70322
19306 19059
41867 19747
178315 177071
80194 103433
20683 46050
67404 16068
61672 9689
20286 101267
23339 77330
318232 314046
60455 42635
34122 18546
105856 58667
105762 59170
144840 141561
77373 10197
49245 40502
64033 59351
4999 50954
62499 591
108739 69889
112225 72315
15162 43264
405668 406189
94682 77596
36917 27664
765351 766112
101858 99986
110129 109039
50900 15688
101376 18604
81693 103120
7404 50785
107267 83714
39908 108340
760749 760380
61084 84099
117032 133941
327013 328901
969532 971742
54229 101000
111497 103115
599304 591709
90389 48998
41792 91719
39154 76341
899779 900188
138449 148329
164719 164657
110593 83016
22228 62115
26494 20132
