886208 886554
565248 566718
318976 319654
612048 612966
669922 680299
430762 431898
814440 815870
480482 483590
553472 559784
955592 956923
161440 161534
803872 806275
170076 184488
931458 931998
226768 239230
276736 280574
968640 969211
426208 430504
566720 567064
538272 539418
946944 951432
358346 358846
955592 956923
656416 665066
687872 688552
769642 774621
524288 525158
485888 487038
540544 542958
934944 937598
882816 884158
927212 930042
466992 477792
796776 803870
161440 161534
387312 388718
485888 487038
612968 620970
360362 363238
849410 850078
479484 480480
655360 655960
868992 870170
983040 983939
803872 806275
437308 453531
545184 552294
276736 280574
566720 567064
287004 288614
565248 566718
978944 980382
852415 854190
859136 859718
957212 957630
646143 647848
736394 736446
487040 488166
807408 809128
242160 242302
932000 932064
775788 777434
639312 640640
538272 539418
358848 360360
726058 726477
580968 581501
239232 242158
997024 997373
606848 608110
287004 288614
654572 654618
704624 713574
623296 626330
906176 907063
666112 667374
630528 631294
907072 907610
655360 655960
850599 851226
667376 669920
919452 919517
803872 806275
574008 574346
829088 830203
583080 588542
699050 700486
937600 939496
363240 363454
388720 392958
748032 748200
340152 358344
968640 969211
504058 510225
780736 781950
971776 974077
415104 419838
695068 698592
502442 504056
850599 851226
665216 666110
796776 803870
647850 649384
748032 748200
322880 323069
403140 405406
861012 861520
840704 841725
631296 637056
287004 288614
302356 306022
796776 803870
523946 524286
932000 932064
654192 654570
647850 649384
713576 716688
640642 645755
931458 931998
516416 516890
290752 302353
968640 969211
403140 405406
437308 453531
997824 999166
810816 814438
604714 606846
669922 680299
723946 725386
565248 566718
161536 170074
927004 927210
934944 937598
874616 874618
919452 919517
951434 955584
387312 388718
687872 688552
138368 151176
258208 268757
479484 480480
932000 932064
646143 647848
387312 388718
850080 850595
983943 983946
827962 828442
654192 654570
725388 726056
405408 408029
884160 886206
655360 655960
889834 901118
728832 730558
647850 649384
932066 933981
927212 930042
239232 242158
567066 568273
453536 459034
376832 378042
971776 974077
646143 647848
991936 997022
649386 650888
927212 930042
666112 667374
437308 453531
213104 226765
833776 837798
849410 850078
459036 459758
872256 872760
287004 288614
978944 980382
239232 242158
969215 971773
622656 623294
757700 763674
687872 688552
626332 629758
967184 968635
544544 544858
750832 753661
944640 945434
415104 419838
405408 408029
780736 781950
967184 968635
579328 580966
827962 828442
538272 539418
861012 861520
748032 748200
931458 931998
872256 872760
466992 477792
134380 138366
713576 716688

