113384 134378
997824 999166
998000 999000
10000 100000
580 970
8 900
99 201
17 23
51 52
31 40
75 150
999 10000
50000 100000
1 100000
777 1000
1234 4321
2 1
3 1
4 1
3 1
113382 1
134378 113384
999166 997824
999000 998000
100000 10000
52 51
40 31
150 75
10000 999
999 1000
1000 999
100000 50000
100000 1
1000 777
4321 1234
969215 971773
971773 969215
999168 999999
999999 999168
999999 999998
999998 999999
124 78
1300 1302
912 748
100000 200000
600000 600001
1 200000
1 13
78 124
1302 1300
748 912
200000 100000
600001 600001
200000 1
13 1
487775 5
487040 488166
487040 487041
487042 487043
487044 487045
1001 1003
1004 1006
3 7
7 3
13 23
99001 999998
948 3498
934 347
2 395
57 9574
34 4083
394 9457
95 94585
348 349057
84 4579
85 598
1 349
2 4589
3 4579
4 867
5 67
3497 2
547 1
9843 9
71 93
1000 2000
1001 2000
101 200
300 400
499 300
10000 20000
105 110
401 402
948 390
83 49
9284 2384
328 744
34928 947
923 3498
2983 894
38 40
41 47
9483 4938
67 68
69 70
97 100
90 100
65 394
23 28
1 13
