1 10
100 200
201 210
900 1000
768435 769640
188135 191334
189198 191334
668309 669920
629425 629758
764288 765339
163351 170074
138342 138366
397578 403137
350186 358344
617138 620970
738529 747290
630970 631294
299319 302353
14779 34311
298966 302353
360582 363238
202368 204014
333582 340149
355321 358344
281767 284136
126357 134378
741716 747290
719597 720721
345214 357612
515368 516413
440469 453531
710424 712460
424505 425297
420537 420862
618942 620970
7181 39723
365816 368977
358129 358344
750574 750830
121623 134378
571471 574005
679193 680299
651440 654190
8696 40370
651502 654190
338991 340149
700168 700486
609929 612045
492050 498686
330155 335192
119993 134378
425771 426205
119492 134378
778230 780390
274522 276733
450991 453531
322739 322877
319454 319654
574241 574346
89902 113382
236159 239230
626950 629758
456524 459034
149613 151176
216532 226765
531037 531182
461096 466990
578304 579326
12862 45793
597422 604707
648538 649384
572275 574005
752341 753661
645650 645755
309092 311326
278485 280574
161873 170074
635709 637056
522504 523944
625671 626330
548272 552294
713158 713574
526741 527717
39489 73607
592928 604707
227459 238110
159383 159486
234708 239230
573109 574005
231505 239230
521819 523944
503856 504056
96450 104397
644715 645755
309489 311326
776607 777434
328800 340149
416072 419838
711153 713574
534388 537515
411321 415101
349778 358344
166470 166900
517321 523944
665516 666110
43128 63378
307907 311326
244213 245984
715586 716688
738728 747290
601934 604707
111211 113382
430542 430760
118889 122660
237655 239230
431366 431898
597080 597170
560692 561149
687883 688552
747527 748030
145997 151176
776070 777434
481204 483590
592147 604707
370696 376830
680989 687870
374091 376830
583931 588542
375373 376830
391271 392958
187314 191334
146153 151176
285133 287002
488370 491969
323057 323069
505912 509229
759762 763674
434259 436126
565888 566718
320248 322877
193657 201568
496887 498686
190688 191334
598778 604707
311958 318973
623752 626330
78437 92361
92532 105804
271885 274048
12985 29888
439685 453531
188187 191334
213262 226765
780700 780734
424682 425297
31038 70525
420960 425297
346415 358344
295610 298679
602744 604707
530993 531182
416239 419838
155359 159486
494686 498686
71087 101959
561075 561149
446077 453531
755209 755624
683143 687870
383437 387310
486309 487038
605732 606846
201413 201568
162350 170074
485139 485886
757225 757697
682555 687870
247010 255112
726507 726909
743033 747290
199455 201568
453135 453531
171151 184488
93244 113382
617261 620970
677664 680299
508833 510225
283375 284136
525189 531182
71357 82012
470745 477792
2477 10648
579138 579326
299311 302353
619384 620970
717391 717693
310557 311326
721990 723944
538071 538270
