1 10
100 200
201 210
900 1000
94761 54410
62661 27177
75253 95487
15227 93156
17462 94517
49766 21130
28972 84616
16655 14255
52885 26490
78239 11069
87942 18869
99924 38666
50546 29219
50082 40237
84837 67406
26236 40479
60042 95182
72563 92666
11821 64437
70105 42105
96071 29184
82803 29679
82443 28683
61891 44812
86054 92946
78387 95041
93600 75502
56822 93167
25630 88866
88161 41094
181 20864
67894 55815
63602 83535
21860 33591
43536 72221
78253 81078
44731 91156
16769 12031
73726 43394
54501 95357
38198 64829
10180 90184
8535 83453
8420 90429
68067 1569
15069 88784
68262 5980
25166 83339
24605 81864
42716 97462
87245 98867
61593 53109
19032 40758
41669 48782
52977 78131
54197 31861
72575 69040
55918 91741
75390 48762
35820 48292
33003 83229
27731 64003
55993 19756
44348 37006
13871 19979
875 83265
2577 43741
74588 21005
30782 38030
11348 28985
10424 60403
70409 11401
4383 67670
64442 4791
35442 7647
50858 55161
65924 24800
61754 44170
13642 93712
58177 526
79137 11370
95616 60945
11345 43624
8231 23394
2384 24866
61131 79846
87600 43638
67766 17652
60363 47155
59524 77434
98864 6024
15867 48598
54141 42544
17540 4294
38872 1332
66867 63565
98268 4350
83608 41805
82876 22960
16737 28110
38192 48934
95539 17923
51979 55796
81240 67526
96534 19648
29831 29632
10622 75849
54843 29907
42442 57888
45805 68488
48181 17767
42 31270
34769 18155
44965 56260
29540 34522
94819 63796
21649 72851
66697 32027
72752 96348
33683 70493
62899 18174
36124 20314
81493 19305
81197 54197
21797 67976
98501 43678
57646 37092
63859 13118
83649 27229
66126 12931
1244 87264
51332 27378
85369 9224
9211 74231
30030 7637
67783 64202
81235 71504
1174 50453
26334 86038
3318 24538
53745 66919
60774 5803
82137 3139
49464 67329
22862 89754
35446 98035
76099 14173
90503 97708
48668 9658
24731 39830
99727 89235
18883 85748
52459 28034
98322 93442
72342 65246
37788 73084
20380 15692
31660 83371
20001 41109
37252 59142
1264 76382
19519 39528
1849 36337
48275 43760
31342 2522
80055 43568
32272 45791
7794 20000
4611 47668
24646 70329
56125 57176
21614 91487
13535 23590
41255 33277
16525 41101
87887 22882
61347 42406
95047 82688
28125 60225
14564 41246
22913 68503
67323 49929
94526 18148
17803 69373
94076 77219
5951 60403
13207 14340
42987 83056
95096 21105
28264 52090
41248 68941
48321 32837
15427 7717
467 922
12548 12348
6523 23867