999168 999999
1 113382
160000 161430
177775 180000
200000 201560
984624 991000
1 1
100 100
33 33
9544 9544
999999 999999
18823 1298
2039 23
155 300
293 1022
39 99
1902 2323
10202 39201
9192 3
32023 99999
930 80
27 29392
10292 392
399 988
700 100
4092 2910
888 999
333 222
111 1
202 808
8000 8
98 89
10101 11111
111111 9
292 999
2 6
6565 8787
1 27
8989 1313
123 456
678 987
234 5463
2019 3343
9843 1234
9873 1234
23 78
200 300
300 400
400 500
500 600
600 700
700 800
800 900
900 1000
1000 1100
1100 1200
1200 1300
1300 1400
1400 1500
1500 1600
1600 1700
1700 1800
1800 1900
1900 2000
2000 2100
2100 2200
2200 2300
2300 2400
2400 2500
2500 2600
2600 2700
2700 2800
2800 2900
2900 3000
3000 3100
3100 3200
3200 3300
3300 3400
3400 3500
3500 3600
3600 3700
3700 3800
3800 3900
3900 4000
4000 4100
4100 4200
4200 4300
4300 4400
4400 4500
4500 4600
4600 4700
4700 4800
4800 4900
4900 5000
5000 5100
5100 5200
5200 5300
5300 5400
5400 5500
5500 5600
5600 5700
5700 5800
5800 5900
5900 6000
