1 10
100 200
201 210
900 1000
542083 542085
644 688
1078 1099
1251 1488
2051 2105
3468 3478
4947 4952
5242 5478
5779 5808
6588 6589
6839 6859
8294 8992
9780 9820
10220 10286
10495 10739
12068 12071
12160 12378
12530 12532
13197 13250
14137 14156
15242 17449
20387 20718
22744 22939
23477 23477
23616 23627
24347 24785
25386 25393
25944 26489
26899 26900
26970 27095
29411 29622
30209 30212
31186 31717
32923 33409
34584 35509
35991 36294
36509 36649
37939 38678
39365 39418
40590 40857
41366 41392
42069 42143
42392 42907
44032 45813
47630 47694
47790 47959
48259 48267
48675 51208
53057 53932
55393 55848
56219 56479
56522 56562
57154 57289
57896 57952
58955 59058
60634 61531
61743 63079
63834 63866
63922 63925
63963 64053
64421 64503
66287 66983
67472 67494
68980 69059
69917 69981
73031 75061
75572 75606
76084 76089
76178 76366
77249 77328
79953 80279
81157 81257
81332 81355
83509 83649
83943 83977
84064 84212
84584 84898
86608 90368
90440 90456
90751 90753
91736 91741
91835 91895
95531 96959
98611 98692
98968 108574
113697 122113
136181 137087
139184 149620
157154 158985
161323 161391
161515 161518
169448 169540
181173 183059
186828 187995
191973 199785
203650 203806
206135 206439
210450 212131
212702 213060
216285 220374
228145 234374
241650 241797
242300 242302
244392 244815
246359 248287
255981 257956
264161 267628
269223 269462
272486 273858
278603 279711
284108 284118
284958 285776
288594 288599
288621 288960
292778 295012
304640 305711
308264 309191
317126 318914
319628 319650
320984 322796
322879 323050
333326 335551
341935 354463
358427 358481
360160 360215
362296 362828
363308 363354
367978 368292
370211 374064
376916 377127
378512 378611
380130 380262
386498 387228
388296 388366
392781 392813
397038 397648
403171 404060
407130 407431
413734 413769
417927 418479
420228 420246
420749 420783
425146 425258
425665 426197
427478 427678
430661 430752
431379 431707
432578 432864
433581 434907
437065 437274
442251 449762
458920 459016
459436 459555
465389 465605
475548 477657
477934 478418
479378 479470
479542 479734
481785 483446
484180 484274
484450 484533
484668 484991
486270 486460
487618 487854
490716 490989
495614 498631
499997 501096
503037 503134
506605 507557
513135 514393
516535 516810
517170 517176
520691 522410
524032 524043
524538 524592
530450 530520
535623 535709
538016 538246
538956 539341
539829 540406
541003 542316
543774 543975
544313 544509
544559 544627
545167 545169
546482 548776
553229 553414
559655 559772
560674 560778
562616 564727
566505 566512
566811 567023
