109579 49972
850 103289
106497 66015
76144 9518
86906 26850
3494 89433
39241 70669
69823 16844
20760 12973
1658 55189
109403 7321
61350 52825
68196 10083
65649 30567
63090 73090
54541 40278
28250 105844
51407 60111
2189 57610
656 16301
53611 42785
6143 66616
18596 63192
16355 106274
87416 108499
16013 34627
4489 31383
91445 20108
17526 108248
17524 94549
4656 43787
39638 38744
92573 53963
88766 53385
92673 99954
49843 88559
92377 33525
14046 21047
49442 13546
60070 94042
55014 92717
74423 72683
39157 79669
91833 17821
102950 30538
17557 95296
81650 89976
50645 8025
44814 5413
32443 4308
57453 9940
105766 79298
35941 107152
7510 29188
8277 48336
22892 44973
79919 100610
56750 92807
40960 97360
58396 79642
19807 66274
34217 92163
60585 56645
87682 62251
37843 14846
70808 104918
95507 7909
36882 194
76499 72370
85934 16812
24608 49069
83532 23484
93295 43222
99129 108850
60942 104433
47852 77698
96025 95102
10530 29516
46516 97262
31378 12896
42558 24251
81209 66614
5953 99485
49952 88086
18745 34913
8314 44785
48631 77417
54377 45411
54193 31890
41898 68086
23365 58830
105409 51863
75775 74815
90859 82265
74913 11759
41570 90033
7392 15876
102652 66671
111134 85443
112892 33859
77787 37483
107256 33310
22061 92326
31638 60550
68280 38509
37897 36403
30331 86134
66809 62162
93443 29157
15543 3218
4236 112325
110414 75581
112324 58466
49271 58424
7824 86123
34600 79150
103122 24899
57188 74055
91949 77412
37540 63968
18429 56625
106585 107734
15867 60355
70282 16501
107599 27585
18624 57421
57259 87696
96735 37020
80301 63690
60669 67939
50607 42145
105414 86500
76632 100492
68488 8040
25843 91049
39252 106536
78127 43061
55874 5947
50804 9091
33240 105365
16769 76751
73788 78582
90079 97992
40434 42112
19735 72500
24068 22274
112259 70345
82843 56902
15024 103199
73840 5614
103630 53069
67776 42155
44974 88258
26551 992
35461 111724
13660 68019
98085 60545
67300 60909
36536 41142
105061 80745
72869 51801
103288 99418
109658 61630
46330 21738
31000 98382
19757 107255
66483 96042
60107 85577
66579 93889
58317 82113
91104 42295
11632 76534
96407 94567
14405 88939
55343 61947
14949 87265
27096 79198
38018 108463
80672 40249
62139 21356
53622 105574
105335 36231
50068 59511
61133 112202
9737 22389
68903 38085
42831 78791
22631 3332
110075 35833
11310 6315
77060 48074
38545 111079
105400 81043
102332 18852
110256 1004
67644 104479
103164 79801
104994 69093
17698 104398
22030 51357
