1 10
100 200
201 210
900 1000
123 82919
12345 54321
092 12
78 9000
1882 1882
1882 1881
1881 1881
90 37
1 100000
100001 110000
999168 999999
400000 401000
516416 516890
22760 55950
53333 87773
278233 278860
34659 82198
341624 342625
634008 636822
122150 130589
5476 15967
13654 84999
59368 104756
36050 55161
68989 86074
35892 77011
81230 110693
91298 110125
323274 329706
25177 31264
38114 48838
38779 60807
9396 73768
40110 103387
312927 315457
16154 69078
564290 564640
68263 110426
41829 83317
9165 105719
55995 90400
438 47278
5556 74630
341047 357155
178023 178914
19095 86192
332897 337334
690296 694825
396087 398714
99744 110080
16789 81846
526162 528602
81564 92500
17189 90996
67043 102143
47879 82464
15362 33318
290955 292200
479661 479829
65244 99527
7142 77611
420925 424176
339590 340149
1310 16286
24055 43468
691345 693260
379716 382060
119345 120951
14177 24057
36308 61955
15774 94487
25627 105654
13012 69682
868 83736
887819 888808
179218 180924
7932 68374
63627 85726
4757 23231
323759 326423
21087 68369
114916 118738
95757 111225
71016 110600
704816 706034
597550 597924
216092 219158
38796 57122
499939 499970
6729 90838
57918 92698
56565 64867
85114 97280
152965 155281
128908 134372
54527 64675
510291 512782
437882 448423
25789 84476
20501 37051
895994 900064
41762 95343
172159 178819
7421 62722
72037 111134
67621 70069
394778 403096
32113 65742
505411 509615
57090 102511
36719 100013
7030 13431
144295 146234
14918 102928
41647 95816
28556 66183
65817 70848
12543 14302
59301 67134
14867 106059
73120 75075
351108 355573
80179 92240
5162 106653
22473 41829
3508 45777
144266 145919
79635 108302
14825 93072
657871 664306
224809 226138
6300 61591
34778 68290
86413 98834
48052 86334
22789 58508
36646 59221
92146 104442
590438 593368
64847 89781
952006 954330
39180 102768
10515 110147
56386 65772
462308 465960
683922 684478
50569 66735
19343 87464
1141 52844
332289 336862
2573 72433
72421 104390
56050 60022
83581 110946
86197 95590
994039 996937
824581 826785
9936 81134
15071 38540
44366 89997
29931 55691
15723 70568
25440 86503
