1 10
100 200
201 210
900 1000
911595 911878
66934 91393
495968 497372
648323 649055
827334 827351
99426 103533
151965 154290
220628 226042
741148 743558
568296 571517
49314 50358
932510 933926
779582 779763
135258 135445
111773 112293
67341 88936
200577 200714
720823 723348
52740 111203
981951 982709
926387 926662
48761 53414
776316 777111
15514 52151
867145 868351
643978 645343
367674 368231
859538 859634
948413 950094
143837 145868
893744 895267
445071 450328
76855 91422
381966 382051
724748 725034
332066 338315
214537 217592
488477 488760
887286 888458
230390 238536
522909 523260
813020 813540
372158 372453
503247 503507
613195 620507
320970 322003
324054 324633
403370 404122
318264 318322
370040 373923
132445 132655
261365 263280
814002 814370
320819 322787
510590 516128
674846 678134
769688 773763
754895 755140
879051 879404
891852 895143
442460 452529
252349 252644
629034 629123
631045 631209
790782 793420
300367 302008
731475 731728
753075 753589
597430 603717
292828 298647
813950 814037
617473 619978
465839 465862
859078 859133
336698 338586
970761 970926
901918 904886
106052 106276
465875 466149
252231 252672
449783 451530
348861 352458
634199 636469
727864 728218
63158 74883
367651 368675
602785 604580
718160 718467
509879 510133
836871 837411
875945 882327
345109 349211
446011 451087
996219 996429
498666 498667
604940 605629
617850 619889
60788 104880
616222 619100
456303 458131
131024 134063
91518 110595
518303 523263
785397 785401
557372 558191
400352 401703
294840 299049
569925 573172
428509 429360
982733 982769
448377 452352
829936 830174
672265 679506
311933 316919
47659 95044
284321 285011
623821 625791
783528 784155
535673 536343
162987 165823
820927 821744
52064 100873
994731 996151
38273 78852
723135 723412
630101 630378
181734 183164
667353 667368
422938 422999
580544 580708
503827 504055
438353 451382
501277 501748
565828 566313
619113 619882
411789 414629
755830 756009
230138 239032
158820 159337
562947 564159
172480 179755
943631 944134
991947 992639
109000 111876
48487 74920
145963 148724
850464 850506
8066 100975
576334 576852
758219 760546
540467 540519
382367 382662
242373 245949
164100 168024
93300 100463
814262 814387
433897 434022
330745 338448
57206 107267
481594 482872
283486 283964
974259 974912
757780 761341
751019 751926
716281 716382
560723 560983
696045 698122
405715 407319
81823 107183
762608 763569
196752 197283
873630 873982
355303 357867
301699 301825
447890 449191
691874 694823
844994 847268
88091 99940
507287 508301
951322 951378
615112 620639
