79377 95968
55334 96196
74293 28134
94484 17501
12642 98957
44203 49412
72860 24987
72464 19707
88476 50991
94154 5876
55591 63709
62495 21471
11914 75485
65733 89308
1810 39317
5001 60629
85061 28285
41934 90562
64373 25543
25854 25783
86328 71450
50958 14194
28749 59360
15225 78288
18253 18412
19317 63322
15115 50050
92645 14736
97369 978
35356 79127
10894 7720
11380 45349
2512 21740
40846 65589
49368 91014
9831 95047
98530 88438
78277 4717
39848 40938
41427 37459
62621 22126
34660 22465
30205 73217
69817 77034
7264 12659
87292 82374
25801 59260
87204 32137
52381 29556
18728 64241
98292 83893
58476 12818
41359 74885
3301 98876
35565 42865
30411 72296
345 35064
12031 2737
699 33968
73505 81909
50590 32357
85620 89237
90006 82904
22180 71139
26362 91665
24781 60909
58945 28618
1477 25703
43774 84723
25985 91971
13495 47900
61672 93719
68564 60734
18567 33037
37740 93426
49539 42509
52980 92150
87952 37608
52601 45012
78674 78681
14042 67671
1051 52995
50898 60140
74250 4960
75707 11040
19172 83026
54147 26841
27458 69564
56373 33365
76295 10324
27179 59718
96245 1728
86336 14737
82073 47949
89248 35511
85010 33359
29660 97168
26008 8620
50450 34792
84300 21962
