1 10
100 200
201 210
900 1000
123 12311
4323 54354
2341 6849
2034 343
1232 5965
44888 43436
45555 66788
33568 8657
35677 89937
9172 5736
5211 5368
2567 6429
5782 1530
2862 5123
4067 3135
3929 9802
4022 3058
3069 8167
1393 8456
5011 8042
6229 7373
4421 4919
3784 8537
5198 4324
8315 4370
6413 3526
6091 8980
9956 1873
6862 9170
6996 7281
2305 925
49186 49953
34190 91583
74133 74372
61709 61720
1280 16381
5510 2386
67764 8883
43469 44010
11735 48628
54597 54973
78592 10296
58531 81198
21743 69232
57911 86469
11581 10908
40004 40220
24605 80261
39129 40072
34518 35664
21642 22743
25496 62315
66343 12466
82504 86693
65623 87723
85764 33161
72705 64217
77444 77567
79427 73774
70953 75023
54412 11922
84232 44928
16360 12163
66395 82613
59161 46655
68578 68336
17312 17503
66883 66794
29408 29450
29654 40528
15941 15603
44939 45014
29361 30298
22107 73947
29500 29779
22289 61160
52011 78494
85449 10459
54634 55169
39238 39701
28162 81335
9343 77823
39458 41808
29617 29928
20033 40174
40391 40890
73718 10812
73766 74903
16573 16711
18501 59336
77879 18398
72000 93229
53628 37300
26819 27513
3010 53681
11592 72833
91351 95571
3000 15570
25385 89795
15490 83625
90017 21156
10867 98751
98848 10450
3735 33414
3945 402415
81707 50988
68437 60812
73264 10908
10743 92312
59009 59452
60456 60340
59697 59585
61760 61792
67321 67960
59445 58504
91100 94156
92312 92362
98627 90094
11928 91182
94369 40687
94039 90829
93018 91241
01836 90562
95540 95167
94710 95004
99178 98530
93722 93406
90434 90562
55584 55427
31401 31464
22287 22978
60997 59737
45555 45495
52432 54892
91189 91285
72888 75237
83479 80361
57130 57607
14290 45583
81474 81899
64056 64737
17248 16363
57971 57610
37463 37900
54012 54050
74249 7420
75151 75146
95165 91214
17164 11506
59483 75435
29079 32456
27183 26164
99908 98179
75189 51813
88137 85793
83105 88121
35070 35744
16722 18066
76704 64654
88767 80764
83794 80861
90213 90008
77077 77380
44075 44412
71908 71786
65168 65312
95334 93838
46891 75232
72874 78581
3068 30366
21063 20771
62293 62310
18266 17088
49265 49811
82330 82216
64506 64192
67472 67005
17228 21183
27731 61894
64087 39490
77205 19965
55365 52550
52878 32438
62889 77734
41209 31473
60028 27921
8216 53467
3756 21728
82766 11838
52546 41821
85887 10055
83406 1838
96531 89855
11665 22627
77254 34433
79506 62762
