3300 9408
7254 107
202	5507
1274 2259
7809 2145
4370 8964
9784 318
6248 365
1767 3533
9087 9739
1336 8656
1995 6069
2582 9455
6490 8883
991	2293
5084 2762
7442 4109
6113 8176
4084 1733
8532 2922
6548 6461
7458 1010
7954 5497
268	6282
3297 6914
7372 3974
2908 9549
3027 6074
6710 9680
3519 5849
2480 7547
4546 5007
168	364
7109 4306
8568 3702
9487 2225
1088 2327
7576 3885
7983 8899
2141 5932
2699 9256
1551 5045
5186 654
125	1170
7875 3339
7087 426
7264 6523
886	5743
8772 7572
8747 1820
5684 3586
4362 5362
8738 8156
4551 8478
50 3232
8628 7850
559	1990
3775 644
9488 8999
5738 7035
9349 171
7885 9752
8297 6299
2943 1935
9664 5403
1584 9651
5907 6104
7106 9837
7441 1945
4892 5015
30	1494
4694 1581
5577 5884
9604 5446
33	8443
2386 8576
9247 4278
2387 5213
4460 4910
5447 1743
6427 5014
6074 8427
229	1705
8622 8425
9538 7826
7500 9251
2906 8050
9769 4557
8775 441
5141 399
7929 8282
7886 3937
4571 603
9288 6344
9592 94
9858 2285
101	5106
6748 4051
799	2407
5279 5530