1 10
100 200
201 210
900 1000
1 10
100 200
201 210
900 1000
1 1
2 2 
1000 1
1 100
123123 123123
10 20
30 40
40 50
60 70
80 100
101 100
1 3 
334 597
255 131 
538 340
806 578
231 456
471 852
639 852
852 471
519 753
645 879
879 231
621 453
873 621
135 864
759 531
201 203 
640 719
879 6752
210 543 
213 546 
719 6566
9975 4308
332 675
7506 8779
8429 5330
3672 1607
7976 8445
9616 2038
6160 5591
2958 434
3563 829
7060 7496
4010 2468
9195 5071
7697 8282
210 7357
8424 503
6825 9792
4815 7522
1525 5367
1332 5374
9649 6003
9651 9456
7354 5620
8613 6364
3936 5127
4378 3562
5043 7193
8361 8724
3295 6875
4933 9054
6031 7676
4240 9308
9572 4703
3268 5537
5905 5898
4771 9997
2057 5512
3897 7897
5800 2264
1738 9293
4845 2486
8266 5894
2992 4942
4341 4678
5574 7398
2920 3874
8858 8784
8379 7920
575 914
8785	79717
61254	76942
93600	67401
66493	96392
90030	42060
12255	41922
44018	43753
54799	15596
42676	75636
83925	18495
