808 250
74 659
931 273
545 879
924 710
441 166
493 43
988 504
328 730
841 613
304 170
710 158
561 934
100 279
817 336
98 827
513 268
811 634
980 150
580 822
968 673
394 337
486 746
229 92
195 358
2 154
709 945
669 491
125 197
531 904
723 667
550 25
802 854
978 409
229 934
299 982
636 14
866 815
64 537
426 670
116 95
630 502
518 196
106 405
452 299
189 124
506 883
753 567
717 338
439 145
1502 4898
3872 5829
1138 9359
3178 2398
2295 7905
1610 6232
9746 4176
3636 6299
8143 400
7969 413
261 3558
1595 8009
6396 5969
9114 4531
1007 963
7943 5366
2083 9853
768 3822
5696 4713
3672 9902
8591 4832
4739 3058
1617 9791
5641 680
7336 7007
7973 6099
9096 5320
3455 5224
2290 6761
8906 6127
6124 9507
5814 6771
5239 9095
6221 7845
2367 535
5227 5395
1364 8739
7845 9591
6551 5160
8624 4948
7386 7218
5273 5540
9248 2386
3497 4886
624 2421
8145 1969
5736 9916
1626 3535
6043 6012
4680 4153
75245 77296
78819 90397
87693 1816
12992 40034
22670 19398
89554 10548
75826 21211
29663 30212
33809 73378
22762 626
37336 1869
77996 2777
62768 97440
29875 89332
40557 56302
68873 561
20095 18985
13756 39790
51408 28016
30194 22770
15681 3456
16856 67507
70964 33503
86677 63109
63250 2332
77845 87639
60809 39998
28652 54850
45204 95732
96532 98015
95420 36776
42010 30181
87930 95224
44055 88261
76738 91546
47318 37526
4201 34257
21565 60598
6649 37705
25551 25151
41977 1413
38555 82798
2505 48382
34749 7066
59379 47700
78210 25130
78554 65484
50448 64608
80774 45323
64306 55177
1 2
2 1
