1 10
100 200
201 210
900 1000
2938 2984
8963 4925
54342 59020
30357 40024
14580 64586
948056 950000
54308 33405
72560 21645
54301 37654
11098 21064
51557 34561
70234 65911
52300 57630
34114 17074
1560 4127
41234 51024
79875 10981
209 402
90184 93904
446344 452503
836797 834042
720314 719630
372241 376829
675303 680200
13091 14990
530131 525294
681299 685690
528906 525269
702400 700395
961000 962000
671697 680000
712617 705293
100000 113300
134296 114043
134502 138205
139340 145000
152094 153094
154000 155409
157520 156923
158000 159334
160000 161000
161234 161400
170076 183000
184488 180000
191336 200000
201568 200027
204016 206589
207552 210000
212650 213000
213104 220000
226770 230000
239232 240000
242160 242275
242305 244043 
245984 243943
255110 249999
258210 260000
268750 265923
261930 263948
268760 269000
270265 270000
276740 277394
280570 280000
340155 350000
358340 350001
358850 360000
360365 362000
370000 371893
376835 377000
378040 376900
378850 380000
388730 391832
392965 400000
403130 402034
405410 406298
419853 420000
420367 420450
420860 420723
425300 426100
426215 430000
430507 430600
430770 431000
431900 432100
432920 432500
436130 437000
437359 437500
459037 459500
459763 460089
467000 467382 
477790 477619
505000 515000 
510230 511090
516420 516800
516898 517000
517200 518290
523930 522209
524300 525000
525173 530234 
531189 533893
537512 536921
538276 539000
557443 558999
562000 563000
567000 566820
581702 581600
638294 639000
642363 643578
647900 648203
650000 649500
670000 679999
681203 683814
687800 685502
862983 863000
871500 872000
884294 886130
889900 900000
999200 999432
999723 999923
