1 10
100 200
201 210
900 1000
2634 4865
673 2745
2895 629
47839 4738
373 5749
4739 473834
2347 1838
1801 283
23879 3489
2809 2734
238 2980
2973 237
2957 23750
3759 37590
39475 23748
274 5903
475 2764
953 846
3756 374
3857 36485
375 3845
3745 3857
2375 375
3947 3589
2374 1
2634 4865
673 2745
2895 629
47839 4738
373 5749
4739 473834
2347 1838
1801 283
23879 3489
2809 2734
238 2980
2973 237
2957 23750
3759 37590
39475 23748
274 5903
475 2764
953 846
3756 374
3857 36485
375 3845
3745 3857
2375 375
3947 3589
673 2745
2895 629
47839 4738
373 5749
4739 473834
2347 1838
1801 283
23879 3489
2809 2734
238 2980
2973 237
2957 23750
3759 37590
39475 23748
274 5903
475 2764
953 846
3756 374
3857 36485
375 3845
3745 3857
2375 375
3947 3589
2374 1
2634 4865
673 2745
2895 629
47839 4738
373 5749
4739 473834
2347 1838
1801 283
23879 3489
2809 2734
238 2980
2973 237
2957 23750
3759 37590
39475 23748
274 5903
475 2764
953 846
3756 374
3857 36485
375 3845
3745 3857
2375 375
3947 3589
2374 1