84022 39439
78312 79847
91168 19755
33523 76825
27778 55399
47741 62889
36479 51342
95226 91623
63573 71732
14160 60699
1630 24289
13723 80420
15668 40096
12979 10881
99896 21826
51295 83914
61266 29604
63757 52430
49360 97281
29252 77138
52676 76994
40024 89156
28332 35247
80775 91906
6975 94936
52601 8605
19222 66325
89026 34890
6417 2002
45771 6309
23828 97067
90224 85095
26667 53978
37522 76027
51255 66774
53162 3928
43765 93187
93084 72098
28430 73856
64000 35406
68788 16598
44012 88010
82923 33034
22897 89340
35037 68669
95650 58866
65732 85870
43957 92400
39845 81479
68424 91100
48250 21583
95028 92016
14766 88109
64110 43197
61962 28107
78603 30746
44705 22611
18754 27624
55646 41651
16961 90683
10317 12608
49546 76050
98479 93504
68447 38320
74980 36867
29417 23227
58451 24442
15239 73217
12547 79350
16410 74510
7453 95014
5253 52158
17621 24007
79782 73268
65658 96744
63948 75976
9348 13490
52023 7823
6990 20466
46143 81970
57334 75561
5194 15781
20433 88999
12547 99783
5405 87057
7233 416
92310 59391
18037 16313
39170 91306
81972 35910
55250 57945
45259 68741
9964 53082
75732 30430
99226 57699
87764 74783
62893 3542
74783 83327
92541 87330
83106 97947
