74321 96887
27734 95135
67894 69745
14392 63492
13303 74972
7486 79195
8639 47148
7262 61874
67404 97079
54843 62344
55756 71471
3365 68123
42145 49000
11306 59576
62641 63660
413 41410
13625 99557
75030 97745
50612 73163
86858 98787
62168 97676
79428 98307
54113 85749
6362 74109
1341 5232
62775 63825
47457 75029
31353 69486
83599 94956
31137 34396
71506 72553
3890 66810
40223 56509
72931 77381
1599 62506
36811 51379
6358 77131
80330 94753
77212 82146
14213 62506
26775 36131
37857 40859
50892 88722
23068 39337
59032 92848
36121 51123
11390 95003
19072 71246
30337 95551
36495 51859
76275 99907
51851 57077
21839 57883
11610 45650
34524 37832
16860 75482
5184 87628
26171 45947
72823 80054
50874 72706
45782 73021
10738 72684
15349 84071
94599 98247
55844 61181
58143 66565
48871 83407
61882 62138
62795 72174
6875 36482
26614 82003
1460 75256
3714 80751
84836 93973
65493 96354
2252 91627
26916 45608
28795 80548
5500 36548
8690 69033
3346 23589
45635 61150
14440 43499
31653 90113
11937 30927
7291 92355
21201 74733
42820 75793
23550 23578
13447 34833
46252 66282
73359 77453
5728 62794
43662 75952
56644 68053
11414 59815
15300 27945
32999 95950
20931 83613
5071 56776
8669 32528
10594 68191
50760 70382
85062 94143
40462 46642
19271 49631
2284 17577
72911 79772
36613 58990
37933 87876
38275 94878
7266 95746
32410 72031
2793 73721
32525 92017
43956 89565
14823 46567
26991 27616
2783 16099
60462 96680
6898 53554
8451 22897
52095 84919
30922 67513
90093 97305
59583 78286
54215 55380
32992 80014
43904 62838
35407 40912
29438 94725
68307 98624
27905 90930
49132 71066
7779 27389
65320 96405
20125 79093
59624 97027
55469 99599
97638 98061
44082 72854
46810 67362
16859 59617
21047 21820
39930 87955
7831 37401
46821 65864
79522 98213
4506 28831
54387 88907
49413 91518
47718 69584
27834 79444
43639 86962
39209 87901
67535 91568
44846 50895
10915 98540
44293 86630
1863 96572
20149 30965
22313 35870
69044 95139
54527 61864
21717 93442
41046 86016
34833 79583
84 6182
15942 35633
32126 97352
35425 96068
7075 55032
40380 84997
36138 50974
724 85924
67692 81850
16628 45431
174 48410
1584 27518
22090 72999
40474 48731
17 82327
36879 48002
71171 75545
65661 76581
6078 58910
850 7102
61583 77865
64046 92291
2986 12550
36804 78897
3528 45657
10253 76746
66809 96964
46625 56946
22263 49679
28979 99566
16821 69840
13707 57526
58752 82436
