21823 24317
47064 8708
7259 11007
11398 99715
28159 35118
6400 56606
44232 72289
11902 49645
5040 18818
67098 1884
29569 55206
80040 18994
2985 81276
60098 1085
36607 69328
33932 29685
77920 24008
11400 28499
77093 79782
11241 3875
47988 99893
57780 38414
31799 71571
62919 500
73380 79459
57683 34479
43300 87729
77871 62737
16479 89093
55912 29829
88845 78104
73453 56753
89117 33594
14623 78821
37673 18238
3755 35351
72552 74748
57896 2335
83809 87819
13959 49131
74548 32731
10933 50854
15751 15272
28072 63834
6681 84626
70060 97996
78207 77448
30303 33649
73042 97200
77963 9970
94016 59375
4148 93071
22925 3319
93055 16092
85681 4820
34879 8851
20197 91990
69225 61738
94604 13888
46971 54005
91485 86474
77989 94325
38987 60909
99364 49350
21863 66866
85949 34328
54348 34787
732 28791
5562 52300
28938 89307
80905 96898
75943 24345
72045 76679
58039 14330
95316 65193
63651 23237
65561 31327
34118 88635
20685 9778
61526 14774
51851 53183
38383 32242
26859 15791
37608 54275
31495 48453
88835 45842
30828 69932
21653 3670
46024 66375
3785 89113
69641 65277
98377 31818
95784 97332
95178 32499
9869 19755
30890 61079
91908 37805
69126 32160
39918 77779
12005 321
20594 99919
6231 5200
40363 13743
42173 41956
1780 54804
25004 15726
13544 96102
89493 89992
60178 81272
35767 70645
22386 59144
30229 826
47828 96048
14782 20841
91802 61674
13814 91245
18129 19839
22688 74488
16787 60415
89428 62857
73430 95497
80054 76872
57438 50213
93913 35682
86337 262
16935 8548
69996 66358
22896 69747
26679 21440
8762 75211
79532 80865
33324 9720
29948 28161
21193 87606
54635 10203
70448 7720
59473 24278
92734 34365
63364 7468
91899 88085
55617 39366
23361 8737
78867 63456
82804 82021
69790 58386
70533 55747
10733 62717
89880 35209
95499 86200
16781 47007
98121 5295
21006 73016
1822 5970
5411 82807
76347 11979
51270 50561
32154 64958
63973 34583
40799 95276
61870 10930
11486 63610
22743 59593
46606 38828
63961 1771
92930 79463
50959 43085
59653 67076
86943 70733
68046 81547
16196 23102
30030 7505
40395 73123
44654 15288
79734 96250
45708 87492
77043 56601
68910 8133
22551 86207
75526 81877
5107 46080
61141 67448
24695 85893
54130 36254
87883 87471
97517 58008
11660 63666
90941 38386
36837 92
37199 99917
35146 74756
15659 59780
97228 88477
25884 73022
57015 33963
52422 1502
67402 28223
27111 97532
3386 24435
14152 64610
44175 5773