1 10
100 200
201 210
900 1000
999999 999999
1 1
5 3
44 32
32 32
12 120
1000 10000
4345 232
65 322
1212 2222
999 1000
23 33
112 333
45 354
23 4
6666 3433
22 232
67 543
2342 4545
23 45
2342 5455
232 444
22 224
435 433
54322 54333
232 455
232 225
564 224
656 777
336 664
343 656
232 344
98 88
93 22
555 535
232 675
65 34
22 258
54 233
235 767
45 34
7674 3345
7567 7543
453 221
234 767
456 789
23 78
54 22
56 567
456 88
34 333
4556 5667
87886 87890
2333 3332
677 777
3444 4445
2333 3334
454 555
434 440
10 91
55 66
7777 6666
2222 4444
5555 6666
4345 6666
2333 3356
233 4445
2333 3330
4565 4330
122 122
156 666
145 134
109 140
155 556
76878 76999
1677 1777
13444 14445
12333 13334
1454 1555
1434 1440
110 191
155 166
17777 16666
12222 14444
15555 16666
14345 16666
12333 13356
1233 14445
12333 13330
14565 14330
1122 1122
1156 1666
1145 1134
1109 1140
1155 1556
176878 176999
