1 10
100 200
201 210
900 1000
113384 134378
134380 138366
138368 151176
151178 159486
159488 161438
161440 161534
161536 170074
170076 184488
184490 191334
191336 201568
637058 637947
637951 639309
639312 640640
640642 645755
645760 646139
646143 647848
647850 649384
649386 650888
650890 654190
654192 654570
654572 654618
654620 655358
655360 655960
655962 656414
656416 665066
665068 665214
665216 666110
666112 667374
667376 669920
669922 680299
680304 687870
687872 688552
688554 689638
689640 695066
695068 698592
698594 699048
699050 700486
700488 704510
704512 704622
704624 713574
713576 716688
716692 717693
717696 719224
719226 720721
720724 723944
723946 725386
725388 726056
726058 726477
726480 726909
726912 728830
728832 730558
730560 732250
732252 736392
736394 736446
736448 737955
737959 737960
737962 747290
747292 748030
748032 748200
748202 750830
750832 753661
753664 755624
755626 756085
756088 757697
757700 763674
763676 765339
765343 769640
769642 774621
774624 775336
775338 775786
775788 777434
777436 777437
777440 780390
780392 780734
780736 781950
781952 782334
782336 785917
785920 786430
786432 787738
787740 788582
788584 796774
796776 803870
803872 806275
806279 806282
806284 807406
807408 809128
809130 810813
810816 814438
814440 815870
815872 816059
816063 816814
816816 817288
817290 817774
817776 822138
822140 823782
823784 824186
824188 827390
827392 827960
827962 828442
828444 829086
829088 830203
830208 833774
833776 837798
837800 839677
839680 840701
840704 841725
841728 844646
844648 847870
847872 849408
849410 850078
850080 850595
850599 851226
851228 852411
852415 854190
854192 856730
856732 859134
859136 859718
859720 861008
861012 861520
861524 863797
863800 865845
865848 868990
868992 870170
870172 871450
871452 872253
872256 872760
872762 872824
872826 874613
874616 874618
874620 882814
882816 884158
884160 886206
886208 886554
886556 886952
886954 889832
889834 901118
901120 906174
906176 907063
907065 907065
907067 907067
907072 907610
907612 910270
910272 912166
912168 917160
917162 918069
918072 919450
919452 919517
919520 920558
920560 924906
924908 927002
927004 927210
927212 930042
930044 931456
931458 931998
932000 932064
932066 933981
933984 934942
934944 937598
937600 939496
939498 940478
940480 944638
944640 945434
945436 945790
945792 946942
946944 951432
951434 955584
955588 955590
955592 956923
956927 957210
957212 957630
957632 958965
958968 960961
960964 963822
963824 967181
967184 968635
968640 969211
969215 971773
971776 974077
974080 975014
975016 976333
976336 978942
978944 980382
980384 981286
981288 981856
981858 981928
981930 983038
983040 983939
983943 983946
983948 984622
984624 991934
991936 997022
997024 997373
997376 997600
997602 997822
997824 999166
