51260 20321
77892 59109
61672 1535
92259 63086
42281 18339
6691 52337
41449 59930
19488 88029
79491 27710
66730 54264
84392 72051
11164 5212
95996 50945
87369 4261
39732 54991
50205 59158
11840 22526
94496 40161
61289 63057
34298 79554
10525 96945
53981 65374
73195 36215
7480 58806
43808 14000
18166 33085
29191 5193
83045 62142
59684 56291
75780 50927
23655 86164
94723 42910
48638 9577
45963 94569
11472 46712
61299 79621
13260 61502
55864 43676
67237 30504
81521 25949
76138 92572
62596 4828
36687 66887
49270 66316
53089 43936
59749 48582
23003 62451
24379 71048
82600 36981
74154 78145
60694 22518
1847 64994
20236 5232
79394 20037
54641 83706
64305 85339
11830 14728
65936 40265
51376 99374
90683 27613
4228 12510
46997 7958
93753 50913
29716 297
53167 2375
2223 97176
84757 22134
28021 37088
94523 89650
19766 1522
71931 64160
59507 35738
39884 21911
54820 75402
62244 66764
26277 6912
34307 75719
64513 17491
5613 16851
99911 22563
41833 94439
85511 77653
30616 8635
6430 45217
38702 47409
52735 992
90349 26056
95393 73897
35865 90007
43049 699
52984 18376
62361 40416
98542 20531
74718 79793
30884 22725
35220 52362
3762 98525
73504 15706
76683 30129
71301 20800
59892 86857
24740 23148
78632 77371
16912 92773
70768 94015
49441 35153
81702 58170
82143 2727
97763 46889
54459 84532
8167 73686
73831 23675
98112 72613
94548 38906
42539 11581
40871 42907
32124 59060
91441 10095
52527 96738
54740 61451
7014 226
4086 38932
48808 29795
81790 71006
47927 32003
44529 92363
61880 20507
52326 34921
39713 1119
70703 23259
91270 19797
27512 92017
64452 39057
93979 20156
12727 42424
47478 93013
47392 87021
29837 32073
58930 73255
13008 73939
97168 75057
70803 17675
43502 52268
90627 87055
33459 8452
8734 13289
45471 74126
44888 99180
49058 63378
67572 93934
69449 43428
69569 49808
61792 86929
33067 8302
75597 2694
32811 26686
16093 85057
78213 41959
67977 90985
24094 28351
40792 81864
32180 87080
37706 48499
66416 72653
24328 40484
50678 42911
12164 63924
81726 74676
83456 18078
96449 41764
34938 2960
32347 13425
58742 82271
83386 30996
18412 43723
654 83591
64115 53191
73498 95417
42394 20834
72909 91425
3224 97292
31584 79771
67502 46876
70470 54640
46856 94641
46086 31855
11052 18784
43404 46777
42498 91629
11849 44014
59038 7917
50456 25875
88747 21052
76532 63312
33495 56972
46279 62821
27009 50735
65007 67598
82262 55844
18942 68022
