1 10
100 200
201 210
900 1000
89 89
89 90
90 89
100 1235
1320 3769
6964 3454
5269 9671
6546 1915
7647 2437
4940 4147
5233 3783
4497 12
13 122
2013 3012
2012 2012
15521 32115
1254 32115
2115 21213
51235 51210
1 12321
1 512
31 31
512 512
5132 51235
11111 1
3 3
2 6
789 678
45384 51253
51245 21215
51212 21536
54511 2112
21213 754
2123 2158
2154 5316
215 768
6154 5123
4563 1251
351 515
3151 354
3152 2153
2152 131
131 548
3152 5163
31514 452
54 48
61 54
45 64
32 5484
5040 6476
5981 14044
11139 13559
4834 13175
10670 9001
4238 5554
8143 5755
6496 12514
13977 9370
4209 13535
9652 7625
6984 6024
14181 8055
6330 7077
7461 8774
8079 12433
11081 12442
6981 10421
11783 4646
4567 13573
8270 12188
14597 5167
12610 10631
8209 12503
14520 12549
9167 11226
7450 6108
14456 7961
9893 6835
11409 7099
6542 13137
14146 8300
5823 10669
7217 8502
14760 14511
4499 11458
11587 10731
12141 13890
13812 9177
12881 7378
5908 13099
7018 7954
14949 10697
10007 13027
8454 13159
11774 13735
5919 6874
6688 8637
10330 5472
8619 10819
12301 11345
11449 10400
8232 7841
12234 9194
11605 7002
12085 4849
10580 10775
12878 4759
10633 11768
10816 12116
7247 8486
9057 6063
10923 11622
11953 6043
4293 4170
9231 6490
13584 12527
6192 8893
14594 12070
5209 8978
8869 8692
13355 6480
9778 8958
13897 5409
11538 5067
8974 12231
7877 8087
8088 7987
5410 5306
12579 5025
4551 10290
9018 8347
13549 12313
4920 13011
9270 10667
5575 10472
4002 4234
12097 10142
7604 10050
4301 13599
8565 5107
4100 11391
12672 8509
9295 4186
10161 14784
