45968 68947
106653 45938
909276 909751
72823 57161
63036 88403
61876 64801
47078 83305
68334 76640
37155 56528
2019 80017
25785 87449
56747 23665
532581 537155
67410 11922
217090 218504
40357 94576
696110 696304
590512 594097
97190 74365
78334 19685
25234 26096
55490 8051
2517 81968
13662 30010
49307 1600
72166 106413
88484 38625
24898 77711
260489 258437
18343 22661
321446 321240
89133 39466
243239 245546
44329 56607
325734 328033
903348 906051
374634 370019
93904 87617
22270 63881
99858 84373
103154 27314
116621 127144
43135 41264
299113 293114
13626 150
102080 101874
57265 25568
21971 68708
85726 87703
92512 23485
937803 939146
57746 22402
741 99564
57846 93665
35039 65395
36003 9060
111633 40179
3201 35672
130906 132135
61726 109042
100510 45995
31994 94107
340711 358190
82562 92004
49266 95905
662049 664885
70589 32441
678874 678383
354761 355399
12627 83154
7104 21299
22552 58108
267207 259339
86742 89440
71046 61017
87532 51064
78715 12027
14267 106286
78063 77846
99724 89097
55703 21768
498549 494137
89965 74104
105050 51046
94793 15329
87862 87754
30155 105156
60214 25012
98021 89731
97134 53882
219269 225271
20554 80184
505625 504835
52521 93802
67411 107815
126993 118994
559448 554703
182264 179911
84408 113379
77011 13126
76208 105619
91104 102476
825927 827215
435290 435591
34124 92689
33248 88499
43905 5819
3113 91300
34060 21969
440273 446994
92003 62323
63580 111562
25771 40645
217832 217630
733700 735264
331774 339190
92496 19116
23408 82113
177041 174371
890511 900932
84141 42273
275501 273967
62407 100252
57373 107648
52289 90415
77488 97653
67308 29178
48180 30233
92446 43765
112484 98185
10790 42376
104331 3565
11290 82223
584767 588153
547339 547542
28836 9962
47538 83411
101979 80885
903574 902596
824977 824974
