656385 656408
979466 980084
215151 223689
334997 337000
534078 536625
465062 465650
987303 989497
516989 517135
742086 742367
52594 77894
301704 301752
823628 823739
565321 566110
965069 966855
158937 159178
761386 761925
30094 70149
212558 212584
945394 945401
791047 794044
440932 448243
849356 849356
326430 327506
371753 371793
171292 183815
263845 268140
938033 939028
16099 112630
391458 392362
91790 95698
706292 708822
424440 424471
197159 199819
407746 407887
45790 64302
338134 339030
914324 914630
198666 201313
224232 226622
797095 798607
392090 392505
224131 225584
419215 419459
264023 267425
960655 960706
995999 996730
406779 407228
418841 419026
521359 522502
35495 48490
446645 447948
750022 750793
287745 287960
706734 709715
218670 225757
286298 286766
160014 161262
907076 907275
783827 784290
718137 718301
488842 491534
915968 916185
470508 473191
128867 130951
556921 557682
88866 112671
183355 184251
793133 796581
155422 156001
567580 567945
268123 268756
999672 999719
867644 868693
229311 231704
831984 833187
949982 950097
72211 103322
925019 926133
734810 736156
8045 55632
366131 368243
878758 882002
356979 358172
268159 268236
556497 558686
585880 587268
882854 883023
817246 817263
698850 698906
565243 565244
766552 768882
369057 374885
1679 78525
459700 459740
111950 112912
764834 765165
201987 203370
253617 255052
331284 339156
858861 859045
812164 813090
536201 536657
164284 164837
95974 99873
840205 840426
198416 199978
832078 833476
422125 424858
301343 301637
154264 158745
442647 446711
886081 886156
253606 254869
356372 357400
494754 497243
969250 970118
896868 900346
568996 571521
379588 381515
420541 420834
72424 72784
677082 678924
216024 220778
357104 358331
7333 72293
550417 551422
562162 564012
221986 224097
129972 131707
428266 429653
628021 628310
506207 508922
458983 459004
425153 425223
433751 434299
286492 286591
677715 679847
587236 587928
745515 747239
863599 863745
381340 382540
758016 760301
584579 586795
237037 239028
649963 650379
52660 57515
172323 178316
797196 802614
683007 685480
880580 881654
594245 604516
20801 106432
465980 466443
616632 617088
327250 335727
255869 256795
437501 448936
871960 872211
678115 679394
814531 814972
646978 647318
342294 353122
769030 769423
291157 299364
676731 678833
183363 184112
865010 865222
579966 580334
132392 133069
880653 881341
643067 644228
315659 316559
585164 588045
336485 339852
140316 145260
62060 69877
238652 238860
358126 358237
216862 225593
750878 751059
747742 747781
344307 357887
535249 535730
291276 292150
133497 133843
517155 517187
446323 446334
610566 611578
235005 238101
884045 884113
495651 497175
464773 466922
170150 170454
112477 112823
954235 954314
211544 212424
589219 589295
733761 733875
487042 487301
169681 169808
