1 10
100 200
201 210
900 1000
2777 6915
7793 8335
540 3426
5211 5368
2567 6429
2862 5123
3929 9802
3069 8167
1393 8456
5011 8042
6229 7373
4421 4919
3784 8537
6091 8980
6862 9170
6996 7281
336 6505
846 1729
1313 5857
1087 6808
6226 8586
97 2902
4286 9441
3865 9689
8031 8117
709 8927
4567 7856
4586 6965
6219 8624
1528 2871
5732 8829
6340 8149
2846 3451
2921 3555
2379 7488
7764 8228
7034 7764
124 4914
3743 6491
2227 8365
1432 2551
6437 9228
3275 5407
1474 6121
5928 9529
4443 5763
2904 4818
7369 7917
3324 7743
7505 8139
2954 9786
7669 8082
197 9507
6348 8611
3622 7828
4340 5422
3311 3810
2924 7637
2062 5624
973 7131
3881 4930
7199 7981
2959 3773
2813 9668
2926 6466
2090 7684
3376 5542
5936 9107
7445 9756
6887 9412
1659 2009
2336 5210
6342 7587
8206 9301
7721 9904
5939 9811
3940 5667
1705 6228
1127 9150
5984 6658
3920 9224
2422 7269
1396 4081
1222 9299
2298 6190
524 2590
8209 8581
8819 9336
5994 8004
379 4769
1860 8142
5579 5884
1993 3205
7621 9567
1961 2754
1326 4259
3202 3506
8872 9908
8036 8808
3303 3333
2890 9754
368 9529
4500 8046
3788 9797
6249 6990
