1 10
100 200
201 210
900 1000
14494 731467
819353 87309
149848 197068
795013 566544
634062 666956
897615 621856
498152 671006
987408 839896
318919 544527
949070 335371
732048 66064
558824 302987
955836 468631
317975 296486
176440 439835
476239 198730
959900 263866
399525 722248
99068 518173
752564 58320
725448 21496
179101 912587
229437 746934
308060 535086
349240 251117
417444 184552
356026 227491
217069 972402
957747 225097
824869 51270
667288 630925
393834 990039
564110 358528
615875 765358
416728 600279
707387 938957
371188 688543
475271 325476
301937 480548
978785 785594
636247 929087
40903 58165
245267 156918
910557 76716
43076 253705
456929 122782
239499 612066
885478 482800
585390 298996
574283 402686
772126 203541
771526 370748
534147 315155
564213 533051
613207 349680
970114 518610
439624 566893
983946 132614
130255 219758
964614 786048
683898 895761
684987 68217
353295 844301
858834 730470
784149 654706
434256 623454
309724 230403
680251 434655
928243 557010
274403 979340
761270 937063
186057 572542
533477 941399
655143 250326
513737 966830
625914 16658
932704 749828
217294 553832
400841 156221
619349 995894
647246 822349
309741 843390
168438 242866
193327 429243
760600 867648
901776 446650
323781 846441
976072 109110
792404 525819
392395 738245
178313 166309
413624 250173
827286 604368
360546 221753
805804 549600
230472 276314
771763 956939
187417 262864
921060 998341
70604 5767
808487 61598
424984 907702
394082 578693
556649 917617
185114 542581
844624 486849
209659 407846
891999 704051
764193 670701
969716 963810
874459 340824
936730 412617
654559 511601
725612 416195
568733 609004
384814 377489
848583 916938
368866 820554
701866 391423
411237 448813
902320 968038
37077 309052
615792 294833
507660 317574
90160 603483
437903 2006
983696 966187
510923 465221
980874 385640
428583 939666
383000 206627
255056 747173
662536 885200
598828 725877
251396 844273
6277 483856
822594 901741
886758 41677
125074 617245
13161 211800
435729 62408
347310 329210
321914 672317
613476 625077
442228 370426
604054 871474
77052 554398
245276 727200
449757 253199
168859 388610