317 91485
1697 64759
2215 84002
2674 62506
3936 59850
4301 96052
5413 23342
5839 90255
6535 16941
6692 41439
7067 25245
7138 55978
7538 59693
7882 15113
10655 48816
11256 52777
11394 4375
12197 12830
12432 36819
13756 46980
13775 93389
18252 88723
18502 72973
20089 95080
21568 23627
21756 19664
21951 41891
22917 42099
23030 15876
23106 82690
23635 10726
23728 69367
24585 111390
25162 97999
25347 42439
26060 5467
27472 80465
27703 4016
27980 19695
28013 59757
29302 85027
30555 59222
30804 97391
30919 59838
31375 63080
31910 7406
31987 83161
32137 33459
33530 70332
33980 102456
34092 109195
34259 26909
35201 40347
35313 51569
35618 64773
37316 15066
37639 67274
38429 15140
38800 70190
38863 39168
39044 67111
39196 15695
39552 84377
39731 81414
39835 48256
39855 51570
39895 10803
40131 87621
40157 110015
41887 17361
42040 52945
43523 59214
44718 108693
45875 70676
45942 92697
46172 56913
46857 49921
46951 85220
47558 102845
49781 54642
50156 102024
50463 85139
50766 20793
50839 112344
51445 84074
51716 103068
51953 8356
52326 55242
52788 47922
52948 10487
53189 47999
54625 110480
55085 37301
55318 83146
55428 28821
55802 46200
56394 79302
56506 7618
57375 67306
57489 106675
57581 96454
58606 71061
59065 87560
59220 34824
59382 39897
59853 53586
60350 11335
61779 16378
62397 90156
64541 46021
64937 43997
65124 40112
65444 86993
65533 36215
65607 65387
66318 23647
66523 21153
66825 58987
66844 60922
67284 49914
69526 8995
69701 19987
70498 96035
70574 51247
71080 2604
71312 13433
71917 38670
72450 48850
73191 24588
74137 1321
74529 22869
74562 50255
74704 71515
74923 43694
75898 96118
76729 100359
76992 2907
77001 77136
77286 6661
77575 62832
77652 55412
79703 54395
80325 29360
81819 100967
82551 53694
82661 24060
82936 90128
82984 14525
84112 34213
84910 26025
85476 51904
85481 20979
87079 111593
87542 82723
89237 82137
89970 1944
90367 51203
92263 32806
92549 34800
93013 55555
93639 450
94082 31266
94177 42154
94625 108441
94823 41742
94967 103075
96723 108275
98230 46058
98674 101566
99005 12006
100097 61995
100514 22287
100732 361
101776 32132
102235 5240
103324 86284
103817 4072
105315 51194
105747 96051
106325 49490
106856 50781
108644 91143
108756 104331
108857 37221
110988 39349
111139 56528
112367 16991
112617 103223
112769 87095
113339 36223
999171 999172
999189 999325
999249 999415
999286 999254
999391 999390
999579 999425
999584 999975
999696 999571
999699 999448
999880 999794