35819 74442
48639 72881
40357 5635
5288 40385
41097 76601
59454 52334
65568 78982
14920 88484
62228 358
60755 70205
38672 79321
44800 1609
15996 25911
76277 75725
32723 83452
23135 49671
3521 39377
98510 43619
76761 61120
10455 90544
18471 99624
80375 30037
93664 46002
63013 66911
32673 4658
10629 19916
50041 78855
35771 52755
3197 9989
1460 81627
46667 98161
8877 82074
3833 16549
67146 76685
23850 78636
54648 9741
92005 35289
69434 34745
48223 10402
72828 11833
78822 11310
84821 49006
95796 37419
34080 10665
39753 87996
94895 84267
28642 29827
17153 15478
30241 17194
9478 52394
17006 15818
7963 59368
71355 24496
45888 52322
76372 50962
80813 33760
80810 29171
94750 38244
64527 93412
72500 22088
51908 21162
50743 71102
11192 30226
12851 10872
40776 6063
66659 23126
4245 957
398 71453
95070 77389
99360 81504
95860 34526
89641 36196
18581 69082
18431 40387
56333 81794
46287 45633
62451 18353
74491 62559
30016 8568
29909 86983
66061 96270
73708 54319
36254 50066
73388 39677
62804 70146
84336 61217
64608 68089
40016 10416
21752 67177
18947 3332
88039 20014
95250 32470
74072 42201
45917 86282
18885 31114
89296 68602
39898 50391
82061 49818
865 80479
47912 83182
