1 10
100 200
201 210
900 1000
1 1
400010 400899
2101 2600
10 20
20 10
1 2000
50429 50629
52359 52559
58633 58833
15050 15250
50282 50482
17043 17243
6780 6980
1974 2174
59522 59722
39761 39961
99471 99671
49966 50166
25900 26100
31967 32167
23341 23541
40592 40792
44353 44553
109616 109816
48743 48943
111717 111917
77363 77563
10182 10382
50922 51122
101368 101568
106442 106642
63029 63229
51082 51282
73695 73895
2335 2535
30974 31174
77691 77891
84500 84700
36158 36358
97334 97534
48936 49136
26299 26499
29504 29704
59605 59805
18475 18675
70360 70560
88467 88667
48208 48408
107571 107771
25493 25693
39684 39884
1407 1607
27224 27424
109613 109813
7709 7909
103572 103772
48140 48340
21282 21482
24494 24694
93481 93681
16250 16450
65476 65676
110305 110505
78216 78416
86037 86237
84828 85028
12128 12328
36538 36738
37062 37262
36442 36642
13533 13733
16314 16514
18995 19195
64197 64397
90979 91179
43695 43895
41891 42091
108114 108314
5761 5961
58262 58462
74625 74825
86990 87190
60153 60353
5277 5477
59239 59439
18993 19193
24804 25004
22517 22717
1357 1557
79319 79519
72132 72332
2915 3115
37018 37218
31341 31541
53270 53470
85348 85548
20994 21194
1896 2096
45098 45298
10505 10705
104132 104332
32483 32683
5061 5261
14694 14894
57337 57537
46200 46400
57708 57908
37817 38017
108562 108762
22154 22354
30419 30619
92540 92740
11573 11773
61974 62174
12316 12516
79808 80008
30312 30512
84765 84965
48158 48358
108498 108698
41409 41609
1536 1736
44939 45139
53947 54147
70765 70965
7691 7891
