559103 877840
136937 813159
411376 959937
954952 972466
214276 369177
797221 928093
4798 839229
107220 376906
835489 858770
597242 776021
271162 827760
453139 938243
476346 905066
459787 737897
158584 565884
569399 654545
830327 940548
747694 815931
210624 700579
913706 996118
139546 708679
478870 718140
839970 912084
596723 635169
216561 247218
614500 987642
376259 547849
259581 405879
615556 877833
384773 621411
835200 969981
413382 597353
374455 813919
844730 946984
547842 957941
224230 717573
502109 662655
596906 989253
18609 204822
275850 573956
501561 515523
597951 613463
100237 544464
393637 834892
837824 864523
14437 552673
756004 871277
825807 863849
175616 321497
668023 699196
67718 647829
873204 879114
880870 923451
874184 875378
780456 896003
201486 755234
809264 865700
989157 996281
651279 886926
8428 945526
445814 576157
376245 505970
173264 266217
369971 707800
256517 346203
385514 937068
600425 875927
965764 971613
919103 924616
520439 971668
425718 813353
872305 986616
990391 998321
739446 762715
23748 131356
308548 733790
370922 385036
902809 908224
804707 947167
296791 538045
685198 876893
317650 743619
608172 792173
941731 951166
921438 942299
206419 498065
276300 301316
739831 786930
275451 736350
555555 586278
530005 943062
441895 996299
292182 623420
382065 409189
265850 401390
267758 504788
753952 907975
620549 937038
460998 859980
103774 934117
927794 953787
723714 986870
560181 787216
493557 528388
337921 351181
837420 850551
698210 826958
700159 983460
694941 838126
665916 774697
745606 813145
142841 312732
262982 808725
376704 512635
67992 404657
512459 865862
202103 772361
621849 836207
47013 427771
14583 262733
875512 925552
28643 859473
700350 762315
346207 416714
387090 590211
908772 977143
200782 657059
812850 881042
511101 895079
493450 971722
328636 407071
535073 823049
887500 936044
63594 507997
38366 777479
605559 639683
444963 562777
830154 977054
408335 795112
994940 995687
418220 626680
32813 544767
336289 345862
890457 906390
763429 866458
300753 474471
529184 980284
166971 355509
1200 505772
357011 901141
325957 703193
10879 235223
724967 810293
5356 763988
377927 579182
155624 431722
665241 873170
978658 998691
6213 788228
807569 980841
149352 802236
151259 569579
804896 982610
681795 688959
417151 883037
690170 953718
693869 850616
338312 953343
797073 825787
339874 864702
672643 746480
579620 784909
19693 901114
97013 100816
521484 697101
158723 699173
187352 989474
463014 640661
5818 503657
279125 856432
531792 761857
104171 863393
368330 416638
542025 691634
542716 869698
329316 841030
351599 546116
249079 947421
514623 814309
373685 639324
138946 772546
596950 753545
208195 959401
652604 960882
536109 677405
469135 761003
100152 759408
890036 942646
35000 193243
722884 877378