1 10
100 200
201 210
900 1000
997855 998761
890851 893150
948094 951375
533575 534854
6118 25970
714690 716038
323337 329714
941507 944251
67918 104061
315553 318828
971874 973812
66175 93287
993003 994825
28518 55134
995463 996335
987126 990052
984807 990467
107169 109766
998599 998738
994239 996147
20023 27568
987200 989727
75285 102752
47420 56728
14940 25251
340446 340575
783478 785271
232395 237029
193686 200957
144309 148476
767259 768606
789950 794289
85454 109464
441522 442817
991938 993006
794583 795215
2398 84447
996599 996872
71894 87443
599783 601136
992605 992932
992934 993805
986666 990555
11572 110927
646903 647529
998232 999080
331486 335752
892246 893233
829295 829566
33934 53775
890780 898777
78413 96271
94221 109929
999535 999665
22501 72533
913184 915351
10468 97062
2545 7499
334220 334695
947355 948486
6069 40614
992005 993613
30716 65225
790729 795859
67264 99457
262567 263148
232526 235925
877358 880035
932512 932788
999476 999735
89654 109333
987846 988141
999112 999138
997938 998836
987029 990532
970310 970943
7964 31879
562724 563882
354239 355704
12498 85441
24513 82628
28962 93295
187883 191072
328949 335584
989493 990308
56576 96167
12719 81761
39779 44565
42698 101741
14373 35793
691735 693170
55317 99936
991389 991678
994516 996758
452299 453340
15360 65421
57912 96152
309772 310601
913219 915948
52346 61125
999246 999869
901696 905998
993838 994076
97913 111193
992295 994120
984781 986581
272968 274693
594289 596446
904056 904423
27023 55294
3905 80185
399332 399853
985612 987709
423293 424699
28181 56678
771561 772071
96611 106930
441123 452051
894773 895744
995722 996829
32387 104510
506737 507874
14983 53880
791104 791763
79146 91312
874019 874403
682356 683197
900561 900940
438539 444973
594288 595006
992729 995751
42036 103380
999479 999826
672997 675484
995244 995357
994886 995025
34306 44334
43999 67197
545 25820
890973 898110
304390 304952
91617 92072
980577 981280
993537 996312
533031 535052
983084 983704
748431 748631
91484 99142
555066 558172
641745 643807
115160 119080
993513 994359
920573 922696
999305 999695
89033 101998
912771 914605
81964 112558
342488 350068
62028 103773
25869 52683
985547 987929
4182 27188
918169 918543
31659 105094
913585 915424
21934 30796
90079 111020
992250 996313
15937 45083
999197 999568
3502 50651
594341 596516
47188 82303
894701 895493
917360 917542
437844 446025
27138 78023
671933 674537
992165 995269
993792 995445
994767 996227
17220 85220
61485 62750
16560 17015
26034 34639
790886 794981
58213 69877
993325 994560
762285 763115
994892 996231
965881 966510
992830 994395
989586 991523
27913 104710
692 28243
995070 996562
954799 955159
2746 61961
40311 54028
24743 60175
14478 53630
10368 20755
874261 874590
803960 805641
999659 999873
550495 551957
995871 996128
948725 949274
341141 348261
98681 111511
44224 86686
595357 603994
963945 964911
788659 792065
923446 924028
5209 112111
987888 991857
32662 49713