89753 34777
43055 73823
38955 60533
84442 33376
97561 89850
27787 70748
87843 61428
54075 10142
22378 85921
92694 34366
78828 43826
81415 40452
66853 16343
50823 1837
91336 15809
77247 56908
70936 32906
2413 21943
6378 84488
14079 13551
72230 60075
77549 1357
29932 22626
13713 59722
85314 47088
48845 37208
37336 1408
36466 97751
16493 49026
4824 25871
91065 79277
14883 29765
27333 52740
23178 20753
25907 82223
31501 95291
20470 56917
71101 96673
78528 44826
81515 45452
66553 14343
50523 1237
91536 13809
77547 54908
70336 32906
2433 21743
6348 84688
14279 14551
72330 64075
77549 1857
29632 26626
13713 52722
85214 43088
48345 37208
37436 1508
36566 92751
16793 45026
4844 25471
91265 78277
14283 27765
27633 52730
23778 20723
25207 82253
31201 95251

39 79
32 61
10 95
79 42
91 35
52 21
83 30
97 59
120 160
150 927
847 446
432 135
774 568
444 621
248 371
733 827
562 749
230 122
440 966
334 391
930 1000
527 1010
620 651
339 341
955 629
42 445
547 548
62 514
133 234
850 428
27 63
542 523
537 703
50 93
24 14
51 93
29 26
52 34
23 23
48 92
7769 7705
1832 2047
2260 2344
6325 6757
1010 1386
6268 6290
9014 9372
