1 10
100 200
201 210
900 1000
1 2
1 3
2 3
1 1
10 10
10 5
10 1
200 100
210 201
1 1000
1 100
51 100
1 9999
999 999
1337 8085
999 1
999 998
3 1
189 214
214 2187
21900 549
312 465
4564 18483
168 456
1 11
1231 4134
242 14314
14 424
4242 5425
1 1000
1001 2000
2001 3000
3001 4000
4001 5000
5001 6000
512 524
512 512
524 512
666 777
777 666
123 456
456 123
456 1
1548 4875
4546 4357
15481 13254
13574 4647
1 5000
1 4000
400 8000
800 1
8465 19872
12324 25678
1547 4879
1544 1586
1567 415
1235 4887
1365 7898
7898 8987
4535 4963
2155 5887
1354 4328
1111 222
111 111
1111 1125
12324 35621
78854 9968
1553 4878
5123 6281
7139 0936
7133 33456
87454 4556
123 1548
12 13
12 18
16 654
1864 4875
4848 4798
1776 1812
12 8874
984 12
6548 8789
1235 4878
6784 9314
6987 132
1587 4647
1321 1645
158 1234
3216 4561
7893 9871
8468 7985
7474 9184
654 6838
4978 2356
9889 9976
98 789
