8952 89340
62708 63550
75268 73604
2898 1733
90678 90014
13680 13079
57268 57260
10004 70896
29492 27688
55998 55620
93070 93320
14296 14688
112144 113040
112860 113114
110376 108696
45150 44679
7280 6240
18172 15645
16422 57322
59400 60922
29840 28894
65800 86004
5751 5985
78100 76550
52750 80832
35112 33380
33872 35758
79560 81436
37116 66374
54720 53176
30386 30848
71570 31658
35200 35224
66668 67208
110240 110578
86384 78586
6320 86656
502 1836
55242 55240
2400 672
1250 1800
22932 24091
2824 3184
8166 1302
626 755
51168 51789
5286 128
1 13456
2038 4474
3340 71800
1004 30355
66850 68235
33725 34463
4 4
24288 288
2 2
2 1
1 1
3 5
100 99
7 11
8 98
713 281
46620 45274
2470 1190
62835 62209
56811 56330
8170 7745
23716 22442
67830 69417
105192 103214
90288 91582
103077 103426
1 1000
1 10
100 200
201 210
900 1000
60 1770
4028 3014
754 896
1582 1
1430 143
3870 4766
4094 4756
207 539
2396 1900
4064 4289
60 1770
17908 19201
35490 34054
2665 3817
5355 3431
37536 36057
32800 31439
44944 43760
32832 32749
754 896
999990 999992
555 555
1 2
