1 1
2 2
4 4 
8 8
16 16
32 32
64 64 
128 128
256 256 
512 512
1 3
3 7 
3 8 
10 14
20 25
50 56
78 89
100 101
110 120
1 100
1 1000
1 10000
1 100000
56 94
170 290
500 1000
98000 99000
9999 10000
1 113382
24 1
1081 999
361 200
512 237
134378 134377
138366 134380
9957 9999
170076 170080
184495 184532
201590 201600
239232 240000
100 500
400 200 
437 981
536 535
67 66
2132 3000
3854 3902
276 285
1200 1300
1310 580
512 572
2 100000
47 40
26 3
252 252
1001 1002
1003 1003
1211 1581
23500 23512
89032 88000
50000 100000
1000 50000
48700 48703
4236 4850
12 19
64 54
301 389
412 3
200 217
986 989
170076 170076
204014 204014
3200 3300
3300 3200
5 10
20 15
25 30
40 35
45 50
999999 999999
1199 1202
8105 8199
400 399
400 499
56014 60210
5900 200
13876 15085
94032 90000
47 46
105 102
102 105
653 652
12540 1
2 530
10567 10567
80 79
1000 1001
1 110000
36 38
42 40
1053 3

