1 10
100 200
201 210
900 1000
1 1045
380 2790
10 15
7000 91023
5476 10083
8 92
75 9102
15 908
65 60708
56 87109
590 3761
6021 8370
9 134
1 7309
113 311
322 1337
555 1190
67 9018
5569 10000
7 453
9918 35817
10 784
3 8317
1111 4210
2145 5489
6676 5398
90 345
3387 3745
8714 5584
14 14114
1 5460
20 80
35687 35999
1212 56871
45682 55700
700 6312
8836 12345
15896 45981
30206 50801
33 487
817 912
512 76051
78075 13458
10111 44556
73901 9999
23 11903
138 1105
739 33212
87 322
5645 11238
22 45
17568 83715
83833 20978
45 49
1 3
829 18396
1120 1243
94 369
2 2048
2410 3263
27009 20210
2401 75334
54389 77294
411 911
422 98301
73 21159
6345 10495
3359 14826
34 81746
9900 11957
9336 40175
83 9221
740 3718
302 28174
3455 19576
4927 11047
18563 11957
9473 50722
138 261
4 40
2947 61482
77194 22917
53 1356
816 33392
42016 35691
1223 44456
134 9364
76182 31891
79182 8745
6284 31987
102 30057
39 137
614 2186
7910 66480
6 7821
200 5158
25 255
5676 12467
41147 21482
304 367
10 208
34 39
12846 50284
