1 10
100 200
201 210
900 1000
373069 374571
503303 503984
332681 336802
242630 243928
871844 872058
533388 535286
592920 596831
664813 664922
21712 56750
72996 76232
547793 548179
651457 651649
73557 95590
881581 882236
339115 339412
808301 808342
865586 865635
5063 71900
845363 846709
276417 276517
57837 60870
91060 109961
739026 747039
990526 991906
318471 318957
468599 472928
897862 899519
166016 169357
705879 709198
835047 835234
329405 336418
225374 226173
754505 754986
395933 396015
830489 832954
625024 625750
128422 133146
530947 531074
926001 926569
298186 298785
424512 425162
710256 712503
960626 960836
136505 136945
266130 268348
110142 111683
114233 125998
453704 458785
863956 864983
844701 845322
446089 449943
350851 352257
635536 636668
929745 929854
671750 678696
593299 603167
181366 183702
956660 956734
518323 520854
768497 769307
104863 109475
120488 125325
90058 101653
47245 75769
593406 594407
645377 645558
907702 909363
511625 513565
460629 460675
15794 80076
45195 63807
380168 381274
123952 129370
805995 806158
721594 723526
257593 258167
222230 226600
865698 865748
478067 478313
671949 679724
351118 356094
523287 523413
107785 110143
326747 334220
760324 762089
164311 169302
705779 713508
575226 575313
227578 232477
573879 573969
829296 829324
752242 752688
164896 166468
944270 944406
38857 89012
79395 95937
24007 40212
577795 578599
978467 978798
1607 2925
863410 863597
310233 311149
122451 122758
595589 597979
101162 107703
233739 235132
224341 224528
490135 490325
119171 120294
402707 402918
582032 582531
312253 312369
292745 300471
342129 343256
262821 263708
202934 203635
364406 367367
397264 399901
174383 176550
177306 177377
989084 990473
229258 233739
344755 355510
709361 709800
436996 437082
577413 579199
451432 452911
352132 356656
727840 728419
463860 466161
432934 436090
396731 399779
463423 466248
724077 725033
30178 70224
249930 253164
504469 510049
844221 844531
529690 530986
484752 485325
369204 370346
542121 542125
571225 573036
631455 632875
305881 305946
525163 527815
883682 883762
468680 474830
248728 254764
132101 133786
596170 602222
797867 800490
712765 713365
225303 225861
68440 90970
203761 203851
944458 944588
930632 930848
727271 727368
17134 70207
867038 867513
368951 368952
73333 77804
433733 435105
922309 923598
120188 127089
44977 75434
918831 919178
362471 363031
467942 477481
169681 169808
