1 10
100 200
201 210
900 1000
1001 2000
38923 40857
110000 100000
999999 999998
16807 10000
66299 47291
20371 12873
28554 21320
92510 8569
72675 15740
2337 2274
9135 1378
96739 69099
87073 55854
53268 8489
30357 26586
47731 32966
95073 2663
60749 25981
18646 836
19148 11107
39617 20034
94564 39573
57861 56686
17272 7552
16912 12160
39476 4001
38792 19891
46050 18307
51461 11936
21814 16698
23383 19332
98571 65540
29055 448
47149 35096
39636 29648
18989 12034
46692 5520
28581 27132
71050 25881
34585 83
35241 31453
59270 35466
55778 12869
41892 9382
75969 45486
65162 31865
45915 18594
40914 17948
87195 53298
7043 3409
19446 9050
45565 29292
60221 26196
63039 50851
90038 49604
14438 1562
70408 51349
33771 18820
42125 31631
71654 26043
67053 37467
1573 829
43316 13796
2214 1565
41658 33818
16972 1232
39254 21316
74890 26892
16990 16215
45310 24242
39052 27389
96426 26380
86280 65921
61262 24999
26681 21558
52732 16110
58685 23419
42749 4939
7937 2350
51801 13554
90309 1900
15010 5380
62254 61548
41445 791
54173 13304
35847 7992
5379 4788
32713 13045
28043 11454
43342 782
9370 7970
41984 18063
25441 4385
4891 3716
12644 11259
13241 3417
28090 19285
45994 36456
38264 25124
48628 30075
77856 49786
66472 61491
64113 29612
