1 10
100 200
201 210
900 1000
1 2
1 1000
500 1000
20000 1000
1 1
89243	41286
10183	16681
41187	3772
11554	64405
36836	74360
47457	2219
43511	90603
61007	53689
70956	80139
1747	83284
19759	35308
59488	56688
97083	36976
28770	10889
72192	58000
67303	77023
16934	65618
25457	5834
37427	50528
8791	65923
97670	81519
24234	48443
20399	52536
55829	1883
694	12679
87799	59871
51077	9406
57347	69669
14501	72330
43227	72805
35562	52
62978	37412
80304	98323
88480	6997
84937	26446
7591	66159
91972	97036
4354	82833
36127	28691
19071	74505
56523	642
98715	29494
85386	58481
1131	36284
74892	90181
59588	32195
30412	51288
22140	36840
94471	64281
79827	77663
9051	77712
82823	47170
45398	23709
96500	24150
5212	51034
94863	35949
66009	23417
87026	26659
39537	5583
91064	6742
33974	6831
30939	27663
55705	53667
44843	39027
58895	30458
54909	33873
64488	93887
91665	75465
63844	37273
17429	78819
79463	11446
72931	81667
82786	87772
62390	73521
87884	7733
51860	59249
65369	43551
8157	92983
94891	59336
61883	48529
76122	1373
84801	88858
99386	25855
96647	82956
14481	7420
58223	15619
43863	74651
82807	85542
72939	79558
34396	82650
75482	17610
19485	22787
91909	53384
98586	5907
51148	64096
99877	35130
72991	8610
3217	95223
82096	67247
55470	74870
71646	7090
91286	64761
52576	21982
70601	79692
88430	40895
21413	42214
17492	8743
37251	55899
68456	81249
92559	4665
32374	24774
80566	23652
98406	66292
77996	80473
3514	68780
8184	31366
36221	37102
28648	47155
19375	15459
15032	81210
34169	45392
27186	92564
91256	80858
95824	61930
62507	96291
90639	17747
88294	56235
57939	24479
73732	49219
77713	23405
20187	86688
826	46446
50023	357
25242	11489
83252	74568
