1 1
1 2
3 1
98 102
647836 647848
345598 358344
291729 302353
631158 631294
642338 645755
292284 302353
540551 542958
746078 747290
152672 159486
895576 901118
924717 924906
289554 290750
430909 431898
682561 687870
479268 479482
678564 680299
98944 113382
277378 280574
535372 537515
892155 901118
648199 649384
7915 113382
981176 981286
614740 620970
664903 665066
877053 882814
676359 680299
852295 852411
448874 453531
41799 113382
835253 837798
938834 939496
221118 226765
733769 736392
855312 856730
906371 907063
954791 955584
48257 113382
127528 134378
923672 924906
875663 882814
689949 695066
354870 358344
598759 604707
633751 637056
305619 306022
722662 723944
841232 841725
179868 184488
258688 268757
216409 226765
714504 716688
45067 113382
638537 639309
669236 669920
625603 626330
655586 655960
842486 844646
369723 376830
991245 991934
8887 113382
451261 453531
809954 810813
463735 466990
532499 537515
667606 669920
775902 777434
824528 827390
867727 868990
266192 268757
668002 669920
799751 803870
917100 917160
362360 363238
46233 113382
76194 113382
712159 713574
416807 419838
272918 276733
380998 382669
601707 604707
791101 796774
353394 358344
920821 924906
530521 531182
525428 531182
111951 113382
191379 201568
220698 226765
853673 854190
579130 579326
613884 620970
280823 284136
735165 736392
325845 340149
423979 425297
966879 967181
619408 620970
772995 774621
855205 856730
842008 844646
893707 901118
236843 239230
108754 113382
506834 510225
208711 212648
104709 113382
248549 255112
242296 242302
109086 113382
713093 713574
924688 924906
114278 134378
971142 971773
285698 287002
643613 645755
187616 191334
154175 159486
607366 608110
999998 999999
