292991 930886
196140 636915
251708 238335
386825 760492
17842 641421
204412 490027
370256 520059
401852 513926
183270 383426
89780 455736
5281 595368
203156 956429
466454 21530
223419 665123
178357 703135
16132 979802
136653 723058
135807 898167
463512 18456
176267 478042
178491 377373
486139 544919
415000 898537
78667 594324
298614 664370
68672 803526
276916 268980
263779 241873
307137 999170
408961 497281
203328 420925
480958 336327
161481 126505
252457 621729
163514 925857
118407 353895
321461 100545
402811 233367
16655 990364
346791 313750
174041 426808
119166 947178
199349 393584
206386 502651
394258 612399
4040 95060
52499 993368
449626 210012
137937 698586
351032 297539
142867 480570
155515 960378
98101 66601
212850 612902
75978 570492
430027 260756
499220 560280
225091 209441
456254 429689
229172 346619
58883 744729
460158 108117
242326 905771
337420 890675
123929 698927
205830 777856
182007 872353
255240 276965
455844 964683
406923 28624
51848 332871
305957 48829
410259 530019
261696 363368
462527 486715
229086 518149
248197 700723
144852 2245
123146 493451
394902 243555
194841 597488
37987 888228
474135 792350
169015 441500
261319 87764
473862 324914
437004 275856
376293 346491
322927 148365
213780 281936
152974 452551
318925 899228
156227 975407
403753 276121
470164 794395
38507 661237
411446 573793
65970 894428
369721 231011
339678 639529
322982 322404
468322 255763
117477 854538
119310 436840
6722 344818
237918 670688
300072 67917
72926 466996
44736 987743
259788 512183
299450 295499
191965 206725
386846 755590
120594 268139
4979 469786
411724 338082
309986 388464
112063 939507
260836 228804
379926 278611
76523 127828
451368 887343
198804 35568
357010 755422
25089 613810
270499 321801
427151 473730
47494 811305
232458 178736
82624 248626
152477 503465
89513 473416
410568 213258
414042 167637
445008 305624
463077 532036
435928 911899
422241 145550
450799 290071
402388 487131
408108 684930
312486 845894
159468 370163
161316 387981
52184 252996
153479 713773
274461 739668
191240 681095
456627 116466
368492 911340
