1 10
100 200
201 210
900 1000
31645 92631
39709 46302
5 6
100 10000
250 255
999 1000
44877 98874
22347 24376
15471 56725
46053 85617
9086 91426
14305 81284
30494 30849
39904 44422
81179 81547
21149 25606
14645 36047
44521 97130
18186 87487
2741 54082
7918 42110
68172 69621
58779 78217
10794 59975
24772 63065
19348 46661
32079 52226
41036 95229
1387 1830
11054 28724
41994 48172
81145 95015
50039 78845
12006 53733
80525 98664
7019 11327
60230 72137
42849 65676
59464 61192
72709 99252
100 8092
38990 71954
13122 29129
26101 63039
42492 44839
67747 74638
31954 41998
67543 74049
680 3516
9620 81973
38280 88871
76349 81473
40394 63013
15704 75897
15344 38984
22501 67186
40425 50724
17707 23840
2144 6484
31285 72967
7147 15510
58485 94036
3697 29607
63822 80725
54361 54354
9655 94749
8623 113
59075 78301
28660 38170
15216 99770
8851 66617
38840 99987
27094 9286
19771 66255
138 7079
68253 78626
10489 99817
68279 88504
77321 79823
86052 95837
13946 20531
31337 87610
42587 81769
23836 37819
71296 4182
26640 42440
1119 29452
90085 12827
9048 62253
4628 7495
68535 98657
88509 14283
22231 75157
57414 80621
47146 93888
36320 24429
70572 56728
