874618 874616
931960 931819
886789 886687
997614 997668
638281 638575
725433 726025
932394 933238
940166 939758
566732 566782
860500 860080
589197 589133
726210 726231
975902 975724
769642 769678
237447 227637
578140 579281
630221 630268
983945 983943
581161 581001
931872 931767
582113 582984
806280 806280
566758 567033
431888 430832
936783 936488
578461 577463
832939 833005
477981 478018
716654 716204
947798 948884
383074 383721
698793 698777
268942 269375
425312 426096
775740 775383
374860 368982
552529 552426
624968 624446
544268 544394
6854 38770
573946 569900
257688 255378
997728 997799
811214 810834
886862 886710
931874 931570
806281 806282
136370 135166
202045 201801
226090 215067
704620 704598
223845 223350
859357 859209
849897 849506
582801 582799
846582 844970
931657 931594
589091 589318
437269 436133
960237 960744
304902 303118
657851 657161
780826 781193
581142 581192
870006 870004
150428 150694
689112 689534
968920 969150
939614 940377
939055 938237
868228 868737
358843 358360
780686 780399
702680 702917
725184 725292
874616 874618
931819 931960
886687 886789
997668 997614
638575 638281
726025 725433
933238 932394
939758 940166
566782 566732
860080 860500
589133 589197
726231 726210
975724 975902
769678 769642
227637 237447
579281 578140
630268 630221
983943 983945
581001 581161
931767 931872
582984 582113
806280 806280
567033 566758
430832 431888
936488 936783
577463 578461
833005 832939
478018 477981
716204 716654
948884 947798
383721 383074
698777 698793
269375 268942
426096 425312
775383 775740
368982 374860
552426 552529
624446 624968
544394 544268
38770 6854
569900 573946
255378 257688
997799 997728
810834 811214
886710 886862
931570 931874
806282 806281
135166 136370
201801 202045
215067 226090
704598 704620
223350 223845
859209 859357
849506 849897
582799 582801
844970 846582
931594 931657
589318 589091
436133 437269
960744 960237
303118 304902
657161 657851
781193 780826
581192 581142
870004 870006
150694 150428
689534 689112
969150 968920
940377 939614
938237 939055
868737 868228
358360 358843
780399 780686
702917 702680
725292 725184
