36798	45293
88483	55788
56063	28661
7501	42645
35104	19653
70854	33638
27547	18405
24752	35033
28577	30004
26524	26908
40349	77189
62315	89091
50459	66544
83084	97878
82766	84423
847	67034
40017	86658
53092	23369
60861	17601
81594	74065
47468	92297
60075	43627
60017	107492
68645	38866
29908	108977
51212	100153
55103	5917
66305	32313
11269	18810
52035	21478
93376	100330
108210	14957
101076	47933
62558	23023
60327	1158
69886	19948
49442	3547
69508	83691
66452	3022
74288	39806
36822	23106
59274	111041
1723	101423
84509	96028
101008	97628
46735	65561
33304	28145
110273	47708
68883	7056
80366	3803
93260	9154
91939	52001
100636	76020
9133	54383
30185	8148
109344	68879
17177	60717
45156	84815
27438	112847
97577	10610
40649	4568
85160	69789
74130	68846
54245	112770
39741	32623
58010	9158
15337	74384
3961	19646
41486	60708
58012	76597
95360	98726
44529	83650
43382	47084
42397	52874
43957	19072
63062	83528
112471	105188
70734	55034
38802	47615
75349	177
91839	23406
25602	64627
61292	82601
22367	32556
97969	38598
106734	74222
89066	95483
73391	35467
4425	50012
93836	23932
41361	958
4625	40952
56476	60617
98404	804
111359	36022
88401	17903
111676	80334
102817	93305
6605	105778
63348	5355
114598	133181
122861	115980
129423	128286
126041	118948
130727	132891
900575	891590
894462	892840
897773	890215
894403	895193
901000	890665
999285	999615
999665	999833
999682	999969
999316	999245
999699	999315
999509	999288
999725	999773
999685	999463
999414	999423
999690	999379
180897	174617
172808	173272
174037	173711
173494	170204
170673	174540
183997	175927
179409	172186
173007	176176
172606	183447
178495	171682
233607	233358
236287	238679
235032	230510
228805	238079
237455	235712
233270	233920
232644	228082
233682	228970
227876	227706
232617	229186
191336 201568
212650 213102
466992 477792
888888 888888
1 113382
405656	406548
406932	406453
406548	406876
405728	406091
407379	407623
407313	406532
405553	406841
407166	405876
406465	406201
407039	406149
519598	521034
520077	522543
520811	523354
518383	519414
519513	519575
517585	520389
523218	523274
522735	518599
520531	519014
523313	521426
608356	611119
610602	608965
610199	611512
609640	608467
611832	610983
609409	609249
609324	610257
609638	611778
608802	609417
609157	609262
634001	636490
635151	632124
632030	634626
633347	632179
633479	634048
636481	634811
631570	632243
632075	633744
634550	635936
636553	635544
774737	775127
774960	775101
775274	775018
775130	774687
774823	775062
775261	775278
775257	775088
774823	774900
774764	775058
775053	775303
824705	825258
824747	824785
826313	824410
824975	827027
825592	826764
