168814 169408
203894 203903
169765 169919
67922 93512
559421 559679
408703 412647
949174 951284
509021 509515
851135 851150
291360 292497
409615 411491
660280 662331
684247 685797
896832 900147
91719 108821
78547 80065
643651 643967
722383 722413
415332 417208
267554 267817
637807 637828
316641 318250
113853 124885
383469 387236
613447 616626
250827 251718
706429 711331
505049 505726
691658 693650
875018 875715
768994 769196
674176 679009
925879 926735
17218 72762
292361 300830
535842 537283
46358 65487
78795 92321
651866 654135
715326 715467
352098 353858
900247 900990
481908 481932
75893 107895
757662 757694
141168 145739
514933 515969
517894 521677
726441 726441
980841 980890
286526 286905
209631 210820
942774 944121
273120 274038
620798 620840
899646 899867
539427 540029
312576 313860
583204 586228
170577 173713
498400 498566
791162 792809
572806 573354
732054 732141
401938 402852
110443 110483
148329 150094
487540 487833
426642 430191
285248 286618
928666 929473
413471 414589
851758 852296
548220 550066
66484 94079
677529 678441
457154 457332
922884 923362
346785 356346
718269 719146
228419 235084
282449 283913
136142 137410
880882 882740
984492 984608
208428 211043
731832 731891
240125 241978
370907 371267
64761 68856
323863 329081
607629 607991
554302 555435
196767 198275
244468 245857
451898 453276
324261 332636
623410 625866
121431 122662
58066 82776
731932 732111
347712 348411
36643 94580
903321 903935
667153 667210
627658 627699
856911 858450
486915 487020
312174 313508
366948 368427
294649 296018
171545 177861
724986 725036
461934 464677
638004 638699
920844 922438
612501 612697
205222 205517
34199 46254
816577 816755
466858 466944
660115 663700
808526 809113
698049 698496
416111 416784
773894 774029
336878 339434
477087 477318
648736 649085
314198 315731
632967 636633
924299 924328
871792 872248
808072 809089
850891 851000
586339 587563
471212 471986
743333 744425
813322 813374
516102 516264
971333 971507
67393 111662
762651 763169
481414 481445
936781 936903
501735 501983
806902 807091
859110 859123
519538 520825
182431 184194
728043 728465
133795 134186
277473 277881
410105 414805
96843 112081
754089 754899
935843 936597
445152 449055
432105 432336
707471 710766
337262 338001
469242 469860
234657 235368
739736 745834
96630 113224
919064 919215
888922 889711
483912 484159
609363 611716
661207 663255
410695 414967
834836 835900
535436 535467
653877 653983
125014 126448
826782 826815
618394 619427
133476 133721
806021 806210
429005 429956
268877 268912
581583 581616
100374 100988
332655 336680
771712 772581
343464 348728
763424 763617
733376 735408
301773 302046
161897 162514
400869 402762
321290 321312
553035 553078
944333 944455
922391 923186
263533 264564
108900 109070
362620 362971
40404 69937
752930 753456
