366740 368081
899164 898361
101060 49415
106798 71787
29459 60348
33308 14292
225721 226515
36468 68999
98783 45065
21854 59604
32914 49255
36308 48909
116069 117500
78379 45763
53827 12194
62731 36629
680137 675881
89193 15710
28391 23049
988401 987359
47564 7340
100421 70522
97646 78666
101530 96389
154300 153703
79986 75170
30372 5897
5278 59902
75622 104971
48403 37739
45988 63788
348690 342340
43589 35260
98198 17051
74051 3169
173433 184290
102619 93453
78814 69004
42893 38059
107579 37676
68947 74198
676229 679079
29827 73481
740487 738187
254343 248313
80681 15416
44289 105154
109925 73955
80248 95514
69100 111535
329413 332119
351294 348665
7977 30758
110705 67566
227662 231046
33936 7512
199126 195131
97346 62162
236976 237034
63280 64251
65292 86952
225719 224550
60485 35410
683152 687652
661567 663082
109709 86692
87628 99257
91528 105252
42264 55437
74702 17520
32582 28764
46441 15285
75849 56712
73640 68566
86588 54815
223886 219337
47229 100148
27614 36889
265350 267493
631 75824
140741 144937
347113 355613
352144 354950
129837 132090
52709 24951
83190 84356
40094 91924
55887 26850
332809 338206
16590 83884
65587 105692
664641 664850
109359 102444
48928 10506
297235 299417
814424 811763
7725 75587
21817 98223
27620 42189
593701 602429
33514 95905
85330 31562
84688 55582
55603 46185
112949 61243
12981 59266
22394 29210
193743 193365
636999 636951
111680 50612
74170 38746
92521 71801
85829 38432
84670 74111
112486 64987
20738 48024
393090 394306
28376 57259
373294 375179
150909 138965
54986 106731
97714 22817
54778 82597
36757 46640
27494 50235
43327 100792
90578 97201
205558 206229
86817 829
101646 36845
32226 25343
47537 111388
196139 196128
114797 126032
104994 85313
44676 18938
52160 27426
842993 842272
14306 64151
41325 93883
57342 18634
79396 10002
182131 183155
33026 53132
103627 64387
498726 501869
15378 66960
50567 10608
57592 10871
596038 593225
