418474 419838
629760 630258
842761 844646
236610 239230
231574 237245
88176 97555
572888 574005
920207 920558
366412 368977
145723 145729
551443 552294
26515 36113
151112 151176
39556 48633
592834 601176
151178 151536
292207 299683
92265 98438
188359 189670
293985 299612
862937 863797
826061 827390
568500 573524
284138 285282
559685 559784
392663 392958
120006 124694
347184 354204
62660 71909
272978 276209
32912 38036
151178 153040
911733 912166
268770 269346
779100 779333
414817 415101
202918 204014
251386 255112
977210 978942
113384 115433
312420 312938
366112 367381
611508 612045
107226 108645
816421 816814
569650 574005
134380 138141
280182 280574
27564 28182
577772 579316
786215 786430
909024 909073
982172 983038
944119 944638
524869 525158
424269 425297
65314 68669
710463 713574
856452 856730
556486 559670
43966 45296
278113 280574
817225 817288
650353 650888
349404 354575
950242 951432
541087 542958
56681 63208
813647 814438
708802 712847
613946 619046
415024 415101
863112 863797
134306 134378
856166 856730
514008 516413
593037 599398
614841 617063
311195 311326
629189 629758
699050 699210
72607 79464
149027 151176
186859 187128
446202 450423
2188 3274
984791 987058
881639 882814
33078 36347
339130 340149
23868 27030
13480 16778
825878 827275
855325 856730
244396 245984
841363 841725
349484 352528
597213 600553
970706 971773
907998 909614
564152 565246
450378 451310
170076 172719
514 7060
819424 820583
185743 190719
688554 689075
261498 262402
508306 510225
650291 650888
27083 29923
356022 357217
523818 523944
774320 774621
104204 112738
611806 612045
572281 574005
804953 806275
253391 255112
540733 542958
38513 42845
64077 72569
493442 495732
766296 769640
122517 129707
96212 98330
6422 7569
260850 266091
594068 595001
151178 154221
648449 649384
340631 343719
745736 747290
168667 168732
182266 184488
195364 198020
673646 675592
904269 904302
281479 284136
441051 444867
713576 714925
725440 726056
362272 363238
491424 491969
506537 510225
170076 171664
607027 608110
154361 156435
979906 980382
901120 902216
988692 989645
638407 639309
634026 637056
76279 82237
97291 104456
4589 8684
568944 570592
196587 197297
819895 822138
507792 510225
888248 889832
333872 337879
690836 691953
114163 120616
418166 419838
786738 787738
358346 358846