1 10
100 200
201 210
900 1000
858 961
825 984
255 605
315 374
769 974
165 376
13 277
230 566
837 914
659 948
318 719
471 966
338 441
316 688
900 974
348 567
155 666
596 639
435 486
677 721
460 550
231 812
296 821
964 978
555 937
799 825
797 923
187 881
94 785
314 572
232 253
564 920
86 238
326 444
286 466
930 961
414 453
292 293
629 974
602 658
386357 483617
112630 467677
379516 391304
432979 487562
123292 238479
430541 471671
208394 259869
231690 481263
473460 478702
431057 465259
62573 236026
208120 262314
402473 438130
343515 394428
19758 466222
365599 466604
347548 425638
201708 433034
249631 334999
44137 419218
187437 330536
191307 374895
94962 108870
424490 479872
163449 292627
84017 304351
245924 333899
210796 324808
492109 496252
485766 490727
318681 319250
248315 343152
425863 493817
50950 499427
442853 488338
399401 421548
421844 492122
34869 80237
303218 471608
338266 421183
142931 433780
175058 303697
327201 491357
253736 391270
199336 383999
340944 420412
488838 496059
461936 463374
163891 282884
16314 202073
324942 403049
55888 198764
19250 402586
304020 399369
384151 409860
343949 398805
320215 427902
267388 363338
454574 480860
454048 465200
479383 495732
47780 291939
40739 483815
105683 114996
209311 371332
322760 332944
185534 387714
176630 231410
279418 384635
294325 339868
357861 480783
316303 470759
370809 471468
21646 436234
251689 462081
482736 499801
437241 453738
37775 248879
467227 480286
405131 474622
105422 458808
314771 353273
169904 265839
98929 370770
272848 340880
447866 485814
185347 208970
186391 374581
104953 350218
213695 358748
392351 498693
409823 442281
121055 392264
239007 467493
213500 376842
11530 96533
91952 122340
30159 148657
44393 464386
283831 342944
175339 258598
413404 442260
359677 476297
308598 370678
82742 414770
375293 478369
232073 483690
206850 329047
371624 426103
178743 269331
260165 274799
287095 453468
372194 492072
368571 454915
441871 488680
171614 471697
78347 473628
97153 100888
294282 363626
290703 473950
348459 355195
147113 315432
128085 130982
184318 201937
386725 436343
153027 484637
9745 413384
175577 477069
100749 424334
149090 195925
69676 488906
105563 340407
56087 95910
194682 436766
439586 493949
443908 451406
373452 440017
454808 479282
227212 393489
214573 232101
39274 495738
237356 337188
61636 163940
301312 386236
225328 385938
114114 410633
