1 10
100 200
201 210
900 1000
1000 900
14234 67
100 100
6654 6795
376 6533
4050 9642
794 2489
8444 9212
6789 8473
3725 8932
402 8633
4196 9948
5346 7603
3634 4352
3618 4363
6667 9030
5427 8725
9021 9919
3246 3453
3177 4674
1455 6584
63 818
827 4048
5540 7746
3012 8483
6371 6459
8261 8340
7878 9117
2659 9173
3543 5125
2661 8992
7530 9916
7592 9613
181 5845
1269 3264
6325 7422
3835 8239
6380 7820
2640 7010
904 5403
6263 6797
567 1442
5338 8377
1212 7708
480 4440
7298 7576
858 8289
5324 5427
1396 4583
2199 2465
5965 6536
530 1080
8107 8728
7480 9953
2166 8785
1470 7014
3440 4639
7503 9423
4636 7712
3646 6530
659 2726
4045 7235
6258 6423
3201 7916
6225 9450
5335 6371
2655 5013
3632 9532
1948 5983
1655 9068
263 9720
2251 3281
60 8734
855 4945
5379 6926
6656 6684
2270 8601
9009 9326
3909 7950
863 5444
2046 2963
1722 2717
3196 4059
9078 9446
5595 8691
19 6201
239 9003
3006 8547
4992 8554
2261 3233
5072 5869
1320 5771
1266 2321
1888 2149
5122 6438
4407 6055
7157 9661
5734 9033
237 6293
337 922
6882 7856
3488 7147
883 6289
