1 10
100 200
201 210
900 1000
1 101
101 201
201 301
301 401
401 501
501 601
601 701
701 801
801 901
901 1001
1001 1101
1101 1201
1201 1301
1301 1401
1401 1501
1501 1601
1601 1701
1701 1801
1801 1901
1901 2001
2001 2101
2101 2201
2201 2301
2301 2401
2401 2501
2501 2601
2601 2701
2701 2801
2801 2901
2901 3001
3001 3101
3101 3201
3201 3301
3301 3401
3401 3501
3501 3601
3601 3701
3701 3801
3801 3901
3901 4001
4001 4101
4101 4201
4201 4301
4301 4401
4401 4501
4501 4601
4601 4701
4701 4801
4801 4901
4901 5001
5001 5101
5101 5201
5201 5301
5301 5401
5401 5501
5501 5601
5601 5701
5701 5801
5801 5901
5901 6001
6001 6101
6101 6201
6201 6301
6301 6401
6401 6501
6501 6601
6601 6701
6701 6801
6801 6901
6901 7001
7001 7101
7101 7201
7201 7301
7301 7401
7401 7501
7501 7601
7601 7701
7701 7801
7801 7901
7901 8001
8001 8101
8101 8201
8201 8301
8301 8401
8401 8501
8501 8601
8601 8701
8701 8801
8801 8901
8901 9001
9001 9101
9101 9201
9201 9301
9301 9401
9401 9501
9501 9601
9601 9701
9701 9801
9801 9901
9901 10001
1 1
2 2
3 3
4 4
5 5
6 6
7 7
8 8
9 9
10 10
11 11
12 12
13 13
14 14
15 15
16 16
17 17
18 18
19 19
20 20
21 21
22 22
23 23
24 24
25 25
26 26
27 27
28 28
29 29
30 30
31 31
32 32
33 33
34 34
35 35
36 36
37 37
38 38
39 39
40 40
41 41
42 42
43 43
44 44
45 45
46 46
47 47
48 48
49 49
50 50
200 100
300 200
400 300
500 400
600 500
700 600
800 700
900 800
1000 900
1100 1000
1200 1100
1300 1200
1400 1300
1500 1400
1600 1500
1700 1600
1800 1700
1900 1800
2000 1900
2100 2000
2200 2100
2300 2200
2400 2300
2500 2400
2600 2500
2700 2600
2800 2700
2900 2800
3000 2900
3100 3000
3200 3100
3300 3200
3400 3300
3500 3400
3600 3500
3700 3600
3800 3700
3900 3800
4000 3900
4100 4000
4200 4100
4300 4200
4400 4300
4500 4400
4600 4500
