1 10
100 200
201 210
900 1000
5819 4668
1945 3486
5227 782
2653 4974
2704 3150
2002 5168
2629 6848
2255 3836
5140 3669
5428 665
4489 2457
1770 162
4128 2261
5589 3440
2444 4140
6632 990
6852 3227
1899 6924
4092 1970
602 795
5102 2191
4613 4840
1755 937
6343 3764
2674 5930
5646 255
6450 2998
2743 28
3456 6872
3075 4096
3544 2940
2617 4756
1602 1255
985 1034
3195 418
5987 989
3949 4142
98 4345
4596 2441
5832 3513
565 3798
6214 6711
5765 2835
4320 382
2627 1340
1140 5907
6459 3501
3941 6034
2216 6412
4456 6853
3893 4685
6610 1655
169 6327
5356 6455
4565 1764
1204 2448
3602 4902
625 413
892 4052
6907 6402
1149 5396
6716 6533
5175 5434
5879 4515
3162 1255
2939 5032
2046 6485
2348 1518
270 2494
3991 1006
6393 5172
4152 5397
2838 1988
618 2285
4283 4716
4282 4965
5098 6571
3024 6315
1913 1848
1674 3997
1596 5882
2671 3471
6545 2934
365 5758
6976 1071
3640 6771
1333 6432
6792 1252
4140 4397
5565 2468
6071 4096
2378 3579
4599 2719
1451 5136
3596 2450
6492 6514
1859 5802
1495 5470
683 4621
2322 3971
3172 6462
3051 2345
6773 6906
5040 6912
3632 1197
6959 1461
2100 747
5495 1879
1622 3650
2650 5456
3894 5460
495 6791
3417 2387
584 5634
4424 4629
2581 4840
6260 1136
106 5316
3500 4014
6620 342
942 5345
1812 3004
1070 4762
3725 582
4189 314
5640 407
1632 5476
6065 5063
2068 250
3925 1518
6867 6227
538 5586
2134 2751
2124 6393
3792 4329
1472 6562
1338 3211
5214 3078
3896 3168
1224 884
4847 738
6353 2482
433 6139
5436 2048
4863 4081
2458 862
4729 4507
1063 2421
3669 4968
5386 2627
3514 1615
607 1808
4208 1784
107 4990
6647 3618
1988 6133
1240 214
1610 5452
1195 5768
237 6988
6070 1021
2348 862
5606 2856
2943 2189
181 2759
5138 4966
745 4859
6903 4868
301 349
1615 3528
6710 4931
4124 1837
1900 81
702 881
27 3485
744 3256
4861 2827
6310 5787
1789 5511
1558 5958
4539 345
2632 6239
3583 2489
3450 6641
1844 612
125 4664
5298 2040
2334 1703
5255 681
4002 1462
5324 3846
