1 10
100 200
201 210
900 1000
21529 465688
465688 21529
2 2
999998 1000000
55677 33333
85222 99900
123456 400202
860387 560699
950694 222229
4968 222223
857693 234567
385739 542938
2334 2335
866700 432255
25 101355
456670 501234
856722 500312
352496 511477
215742 624852
452813 379278
319687 521983
321587 658924
684248 685214
639842 789654
12245 51244
25587 36975
24532 58726
23574 89872
100235 85703
54833 65478
24865 99633
20154 102366
24568 54788
1233 5488
223 54879
3245 35788
21548 5244
54863 9874
21544 56335
54877 36622
15742 36999
24850 25487
235477 235477
21547 65555
12 57486
24566 24147
246587 246588
245 322
5010 322
544 545
54868 42113
98775 98222
21468 24775
56245 56244
54822 31479
10200 16871
54686 54648
318651 318650
54684 48776
66666 66666
87916 21
54684 2
26868 44444
54684 4654
26866 65869
63121 56458
215645 210000
21354 56458
216555 236001
28644 9875
5 16
5468 4658
2179 1658
79546 89484
13213 46846
48866 46
465468 46000
65468 6468
321444 300000
103568 102000
89854 45325
23045 42345
1 22222
3215 4777
36987 4236
32111 32111
36897 45612
36897 36997
31568 48755
32147 54679
31222 47987
3214 121
5688 5957
11336 46512
56215 36987
2668 5
54 48979
2489 5486
