1 10
100 200
201 210
900 1000
153669 158534
10555 85981
12630 43607
23284 67655
5911 27850
57735 73334
4739 69551
24387 35718
58681 93743
3975 22695
20072 36784
32644 79388
5864 20799
21588 57867
16987 97326
14080 81725
39354 102553
73143 88786
191942 194842
55324 68813
20285 35355
52349 98184
45143 59119
24932 89887
16301 93586
31640 84483
39114 46505
9384 10128
9853 78551
12711 80361
88202 91378
33972 69696
31560 68084
41478 51552
17477 18737
30487 45203
48295 92650
20259 57131
34493 67725
62669 80919
91410 99092
19632 21473
71893 99073
32056 56256
28931 67733
33311 41080
59732 87275
34280 45667
11020 15182
6198 75211
48371 64963
81504 93025
13291 80539
48744 99802
11195 90807
14295 59761
6385 37519
56242 89438
37084 72671
20947 42260
38593 85263
82265 87564
65836 79601
16529 83495
36024 50781
8429 39409
4717 22857
5861 28554
13005 42823
91556 99970
30976 63084
32345 82723
16714 61409
1000 51478
71026 90533
69754 72975
3938 57134
7690 28091
5633 66911
52264 85974
72301 83697
25368 52067
14856 91225
7633 14013
11330 41883
13752 60662
63024 99393
25440 87036
20104 77707
45900 53473
3586 80536
48521 70451
2074 23571
23127 86736
38215 55254
247 88992
37191 72838
12008 72135
6949 69690
46119 73970
34347 88915
47150 91049
66319 97211
65622 90313
1349 34160
10204 28073
17654 94865
30189 60352
33476 68104
32798 80695
72390 86656
7644 13792
36785 83534
13291 92905
47039 91199
61151 61373
24227 60267
16533 23766
81408 91979
