1 10
100 200
201 210
900 1000
70112 20502
96 53
83 33
12 43
73 48
82 29
67 82
21 94
9 78
16 79
54 94
75 9
43 94
9 49
30 57
9 14
77 99
57 51
9 18
98 52
55 74
73 62
58 27
59 72
75 75
96 95
42 63
100 97
41 84
71 15
13 59
44 5
56 37
38 38
50 54
25 93
1 44
100 25
11 17
82 93
97 28
96 38
77 66
89 74
37 18
34 97
83 76
76 96
65 2
71 7
57 48
50 73
87 56
62 43
91 12
61 7
33 62
51 65
76 62
20 65
50 56
9 47
7 4
55 85
10 18
39 65
83 37
68 45
27 65
94 69
73 40
7 40
39 83
47 92
29 60
12 21
23 49
25 9
77 75
91 96
25 95
76 22
51 43
63 7
30 14
95 21
42 30
64 56
79 76
3 9
11 65
27 63
76 75
30 33
77 20
55 87
3 84
37 3
77 64
57 77
10 61
4084 9008
1096 2415
5001 299
8790 9808
9219 1489
5461 8436
7379 5094
8259 8547
2169 87
9409 8893
5214 2609
642 1349
6740 4728
1323 7599
7068 8045
1538 7213
3723 4573
3209 4395
161 2770
7098 5864
2675 7003
1227 9165
833 4310
6955 749
3958 3719
4743 6569
3077 5143
253 8174
161 7869
4050 5005
6327 7367
5643 5209
8975 7553
5724 2933
2120 2134
4357 5973
3563 4114
4708 2251
6286 1494
1043 6256
3545 9780
9439 104
6112 9110
5244 5343
201 9175
5889 3534
310 3580
2537 8209
3096 1124
5593 27
7274 9252
4613 667
7193 3276
4803 8115
1470 9731
5585 1470
6353 2858
3344 2235
8615 5930
583 7523
6324 4245
6377 4257
1973 9605
1988 832
2983 3858
9575 2409
1570 554
9665 7131
9276 1889
7807 6682
6669 7083
2856 3656
7069 4835
6616 6333
2322 2430
2946 354
3108 6828
2397 2768
9406 4353
3925 1892
3711 1115
8401 7742
3821 7128
3613 3417
5298 6620
8660 197
2689 5090
2629 326
4666 354
5584 3040
2312 3903
76 384
9111 6165
9027 3162
6784 4579
4080 6827
4770 9957
8453 6529
9325 2931
4701 8247
37559 55110
96231 67860
49074 1477
35581 9494
17534 4518
46831 82892
14435 88898
3567 64341
5608 21618
99400 27651
31868 72220
21067 28424
73 30558
61959 54548
48878 91417
35978 11375
58654 37772
88597 84108
65966 87045
7137 72124
72981 21985
1142 13324
84567 25558
75314 65792
66354 48636
55628 65029
64796 48360
62619 33741
27159 53586
10457 90535
42792 989
10980 2946
30708 16335
54067 91358
71613 14048
47312 96739
95977 23777
94453 85129
22451 35905
73197 28953
29055 60322
18694 16473
75453 71892
40044 18139
81901 29765
77140 5260
19224 7362
14459 98146
12339 62513
40536 2114
39346 92750
81097 36815
99074 65787
83899 53689
66740 54834
39070 48685
90381 78843
16893 47553
94685 33802
97728 77234
27606 81442
18332 79806
95086 16252
73880 85505
58459 67868
96209 2757
79917 82049
39371 45691
59746 91547
92222 49101
14156 24757
28143 20468
59381 75412
4648 14012
97103 41068
94690 34683
55143 59519
78384 2496
94812 87413
23293 43352
16918 35663
65112 94384
93202 16330
38979 62960
76093 85543
16344 39080
36292 30166
92457 27892
2204 510
52705 52523
27906 94236
15736 38509
23293 81285
69151 49063
7724 23869
53577 6605
17001 14487
57002 15880
78786 88463
55247 59984
106870 25352
84358 32918
247250 247222
111668 89796
126968 120007
28597 103760
8876 81164
113108 3652
277097 277666
78534 3865
453035 445968
81677 110945
356022 347658
14043 18322
29788 80478
139978 150947
16156 9780
613544 619989
62059 106173
24955 39880
21604 104937
32918 35846
291986 296189
3522 63748
53893 71285
106111 18598
69031 95006
34930 8244
440194 448913
39611 105967
6277 27169
34291 73731
249221 248505
711290 712049
442306 442468
65549 102916
656554 663028
63529 57021
550515 548509
79422 53137
93248 83986
5902 111079
438372 452520
926937 925759
92561 49358
409510 408566
45137 97870
51762 36664
11274 40427
595092 602642
60452 36398
74723 104864
11699 3423
38211 104597
112739 92475
36218 72228
11284 58457
660180 658311
671607 670059
32294 20417
95833 80366
95743 17986
53983 4493
109685 65949
40441 90987
61511 45891
31085 63806
13269 27315
11103 107963
53845 23751
33174 39522
527637 526448
48776 54534
111225 7644
90034 39941
108312 77328
346221 355974
346484 353644
52390 33977
25098 66507
90014 65776
134089 126976
234518 236259
169266 164785
195628 193007
109751 55103
83664 72906
190192 191067
104554 52947
892 46519
6065 7200
398056 397881
71807 77368
37488 42721
53800 17871
935126 934993
117032 125011
39011 101066
5663 107612
13828 38905
596247 591966
121681 128633
36274 23638
54293 3884
17531 44497
62512 64638
64959 73920
66301 35786
34622 51177
100014 111705
687506 685268
899318 890799
98657 67358
46818 93795
51616 110823
49012 52076
35000 97559
113319 81176
96974 94106
11982 93316
17663 80940
8195 12022
315216 317078
25048 92841
69785 63583
54194 46165
183480 174697
265211 258970
129615 123646
150449 145795
68232 52998
19636 20352
62856 51823
599038 590860
93416 111496
64254 24254
101744 96590
178877 177957
98894 2550
39193 15037
44407 62302
72214 103760
14368 77327
876334 875141
11340 39373
5523 85463
189513 187880
370592 375336
856 102014
74447 57544
80395 69317
46854 96572
86112 84586
88889 92116
65091 41552
94968 90631
396303 401906
72995 73670
9987 86358
445875 445423
696470 696447
29724 74609
78628 5818
231627 233999
13249 34734
48540 99684
73952 24796
109227 76982
58951 77950
106756 71719
48757 107657
106057 77750
50398 54488
181136 176386
73401 108619
196348 192662
91835 34415
112573 65227
19211 61828
532826 537077
71685 88593
12922 87669
27535 107193
342186 355245
77859 33968
92406 91407
108547 2160
64415 84152
116620 123791
640244 640610
6291 99447
83583 106359
16611 64132
61643 101967
58827 36357
33141 13995
961522 963287
77614 29253
47016 76664
787485 786519
9377 41827
138952 141498
110672 2051
31400 75051
673950 675052
18515 67525
69542 20765
898532 891027
29637 12960
6056 5185
99226 27137
37347 87108
111338 54915
38424 59489
324227 336588
238788 227811
8873 106395
394222 395621
597334 596176
47744 49684
5895 1222
62157 53795
37795 90173
789983 789855
30099 7621
589710 595437
301817 300947
26076 18527
55111 98074
33949 23560
198623 195346
283979 280706
83425 93108
20803 104211
330665 339198
38376 92337
83504 28637
371986 369255
108739 19627
41495 91795
94995 5352
153238 154544
35979 26673
32904 79969
469321 475660
87705 57086
782665 784510
104125 57269
110891 58178
68832 24855
101028 57922
178651 175648
63322 22992
30861 105371
746462 745744
705222 706578
39724 78069
109533 62413
216685 219195
113208 5024
266977 264325
5479 7523
130383 129817
72325 21085
92699 23605
7111 75519
7216 66705
108040 33928
70030 12842
69668 67558
27865 34958
88717 54414
77626 14905
59558 49427
32517 7720
73360 81480
36295 51551
708324 711195
83306 40260
59121 40662
78986 11493
52238 11186
237096 228455
62586 79435
246843 252335
203278 201924
79097 23127
45011 67833
81392 98256
94897 56934
33462 93154
5296 82973
4882 75680
100718 90574
82088 32540
46601 50719
35045 43869
106413 31485
104417 26727
65230 42592
61253 30974
99195 100908
80586 66247
29860 63407
3457 39174
95970 87786
6335 93673
62378 113328
87071 9179
81860 5862
54064 49356
112600 36431
36148 59515
104371 80854
26076 72785
12475 73430
64095 8468
67693 82690
146632 148754
11745 13705
75069 48429
36117 3742
962040 961333
752837 752600
45204 64024
53117 70947
22607 68215
508478 504790
410258 412944
671720 679000
20539 75603
22195 5454
32993 26086
37436 35731
708709 709221
32960 90365
739911 740310
85081 111382
172786 182266
629515 628776
68062 68027
5524 23531
508886 506309
86940 59999
31582 46517
24693 59823
88406 46828
394200 400766
124013 133346
304948 303414
34540 23764
109604 29525
30269 55184
401847 397121
616192 620760
31432 96595
106610 93730
20620 99232
37081 78295
83137 1952
59019 65979
11090 78366
445556 448946
344577 348695
75912 75257
66549 92436
37739 19746
68089 102530
42134 67247
475311 474616
71255 104652
60739 35740
332308 328955
314105 318160
68891 71066
106965 21515
16010 42164
52380 12003
332221 330500
339415 339843
90334 24486
44211 93187
6404 27811
91738 7269
70319 24358
144684 142754
265103 267151
262158 268225
413461 413411
349895 343890
108959 55052
76685 18312
57522 108824
58131 47918
101546 63750
138518 142187
112275 9826
874991 882273
423085 424654
86857 15549
206032 204817
110162 27412
324828 324321
70450 56031
89387 79742
100705 58124
895052 898051
38241 45764
41577 641
898696 896670
108951 50362
60022 82430
97051 30643
201078 194889
113170 113065
35003 83575
55748 24585
37145 604
466945 462434
356336 354000
320211 322184
76825 77245
62147 67410
100007 110384
71401 82957
112900 34973
70318 57367
401341 398033
678087 672856
452466 444690
292407 295674
68198 29153
17376 92081
33228 22017
29060 43432
64060 84568
97688 6781
16993 57495
400080 397144
11684 68784
40960 777
79776 88727
225144 213466
37578 92298
104233 9216
29221 38156
59620 82845
55186 12293
66329 85691
20500 88639
32894 29381
48465 86136
89316 69963
593092 592722
952355 953212
82532 16707
80350 109076
33647 106942
58483 64598
586066 587309
25581 28509
76688 24093
33449 90277
23015 82838
354105 348185
806262 804313
21003 107133
102555 69903
54425 81322
99893 89197
86753 68384
170190 179481
901068 890909
86200 8874
172068 173459
996799 994472
106327 100862
73578 99528
92816 23013
78909 70718
70810 69904
173471 171116
22946 47300
32850 25578
162185 162293
229250 228368
60225 52180
9271 12402
81092 104616
467437 477411
91194 86909
35161 576
97987 68946
92533 105612
31235 36618
699474 699230
46776 51718
106062 11325
527324 530597
33522 79616
80246 69942
46274 109894
93397 19591
179566 182154
112018 100652
34464 105175
76757 36393
124596 121008
768325 766108
71949 92137
68472 88654
16420 86807
42011 72738
146682 149549
2749 76945
105838 58227
25521 55643
449951 442395
22952 101366
55538 89717
55266 831
2386 82361
51870 103922
219793 220595
220573 218366
121323 132648
52594 80967
97510 90719
7500 45192
99345 69075
16449 80060
8182 108360
49580 38389
47706 77101
14160 79754
6044 70715
12186 50177
59941 49514
296531 297009
87763 97998
25772 15920
59271 10679
58908 49382
70064 104113
61584 84870
79809 24450
85615 14699
72703 2982
57565 86008
83935 106796
350470 352016
31954 15661
43729 3754
461651 464237
18884 11109
300216 299681
71781 112407
58323 109334
103601 7029
25487 24749
891986 893381
9694 72138
716364 714171
11087 72678
27185 112536
45201 97242
647973 648807
443981 440865
869515 870050
79500 10039
23239 50164
446016 451227
5556 51471
80031 52904
298146 297547
138760 144295
590019 595396
79779 13604
84550 13387
54538 71155
31362 7526
32383 98871
32320 88833
5125 90901
70824 23128
24758 16238
965663 967119
43466 84885
14764 89884
150954 138833
890031 898534
113355 63951
104617 48270
25855 98252
94521 75878
112798 12483
4385 38957
21076 9000
59882 56780
70685 52226
52797 17663
85028 26457
4436 31804
51996 111710
35963 39186
53332 30833
63882 18835
140636 140268
66412 11028
454394 455885
650103 649721
85979 55669
75762 102588
23163 46446
87893 5674
54679 106159
7706 92108
76034 72702
101363 65241
450577 442547
125822 132792
2314 51210
99632 27089
21045 96203
64427 21317
676072 676142
74007 69123
60679 102827
954134 954634
75798 38363
94934 50362
83770 42044
12525 17299
34510 55578
213035 212935
131421 129962
22602 13389
753107 751842
50372 73552
5025 53713
99874 108011
298717 298744
987059 986244
188577 185334
1639 85809
55209 35427
730682 732140
26576 50775
66388 83411
8518 19517
104730 18614
22384 76153
108677 44261
569435 572311
713115 708321
66343 61886
33339 106007
46219 37695
43691 95265
105773 41551
29726 94558
104408 78362
8859 34936
16435 11350
899192 892171
96428 69636
55968 102547
9822 50266
1724 11982
791342 793125
799949 799074
36977 79393
72774 41750
659602 661891
44692 95420
45204 21630
74759 105503
141263 148419
984722 990138
176340 183025
96721 15730
103286 21269
105800 15631
94891 7485
83893 39569
322315 320905
7866 50290
77473 41812
26854 20077
53358 77155
55856 107567
31027 81538
16270 27045
574819 574386
148250 146893
522671 520033
57665 42747
18272 83369
98270 87169
25847 65109
42732 22158
32270 23839
11313 46399
19342 86034
35366 64651
29225 29736
95072 21844
45318 44715
503320 502529
513185 510390
9520 25335
111513 60667
116370 124298
40879 66945
692949 690913
339923 329076
88313 106901
82267 14849
59825 105249
218386 223240
62857 104763
596570 594404
166729 163971
36872 24417
252358 254839
94247 9937
26925 87492
709409 708744
793067 790078
87278 21927
98553 71384
45941 12406
101282 46801
101194 13176
62254 45810
206835 206496
133995 124885
162572 164845
98854 6476
8012 12518
413860 410518
124066 115082
68766 855
565110 563302
92388 4459
61045 111537
75597 75347
80270 95796
91096 51303
6019 51748
101607 43201
686766 681908
44517 2450
77817 47814
61751 37559
92117 9868
15125 102154
23874 87635
76320 78463
44384 65552
69797 29587
659 51234
48250 46699
24553 52502
968364 967623
745579 738351
125403 116429
227269 234986
402482 393417
23721 109491
104370 53259
139759 148289
72565 9725
85743 101773
899302 897679
75592 34297
670392 670578
92195 16591
153912 154680
104611 11736
72951 63777
62949 27309
88493 106655
932 113073
184590 190275
78091 12839
414313 412609
22115 57585
326640 338925
77411 5442
215941 219467
127378 132022
13460 63189
100805 60798
60056 77016
22475 63073
96052 62029
109259 88361
97562 105469
22365 10691
56218 88279
148350 149501
264246 265740
323132 337217
39372 102914
694014 691890
674314 672664
96451 15026
590020 601865
97771 12823
988893 988914
590172 593114
98638 3326
36821 47190
892128 898408
192244 198060
67396 84746
26403 68995
48360 40719
186715 188477
30032 83144
372400 370120
100254 64510
701024 702109
77778 100413
8301 14482
32305 60244
593072 601823
437467 445239
3514 8187
57250 88512
338505 335900
51050 109302
48861 86258
54105 85822
64292 15036
40259 10522
105385 26984
100468 68307
176389 176180
133292 121395
448569 443587
105441 15688
848438 848894
78677 35940
40682 7419
11943 94359
35150 54434
65170 22837
192729 196355
100806 35801
429494 427646
90259 98103
30477 46028
98183 81503
102256 38871
83114 4926
86777 34570
642478 644223
110201 41515
187586 187690
601610 599363
259112 261158
67984 16777
471746 469616
235405 232508
27811 69908
464952 464861
66947 65284
85659 374
25835 74161
87806 59803
303325 305662
61740 80618
371486 375280
26619 104315
31923 91655
