72523 42235
13908 12858
16011 5380
46393 12072
86499 65277
91347 84786
72199 65730
97505 25912
39855 96052
37457 94718
35971 38232
7310 11267
94317 94813
83597 56672
32080 2571
1895 41345
75345 87430
68323 15973
23624 63870
47893 37369
67172 75002
65572 77415
7276 70063
68772 79168
31438 73510
74935 84550
7868 17231
65078 12957
64207 85200
55830 25476
47841 66489
61087 90078
85678 48462
12214 64277
94856 38128
79962 71964
15943 70020
35525 10721
96425 12734
1389 14529
53559 40958
5089 30647
92077 92744
36329 99481
94414 46586
5718 7556
64169 15456
77490 69795
56638 49039
65050 90472
74349 885
44237 81948
3886 43180
96195 11110
54307 98866
13375 54330
81989 78052
86673 97382
78986 39534
87891 61747
47635 47368
55337 8454
7219 39899
67012 88118
57620 73103
43895 86438
9874 14419
3649 12505
40957 32066
88901 32349
21254 75040
97785 23751
60950 43771
51503 96768
94814 12899
80675 39561
3668 93285
75806 95615
98981 59278
34355 52259
66405 1535
84750 35078
86220 44706
36644 77776
56724 2374
99615 88992
85767 32471
74922 27109
33039 56295
41818 58072
1881 92579
70271 27713
48494 83834
48719 64123
6060 96050
52848 35473
24426 11850
6184 63909
89496 52954
46101 43423
4822 63032
62721 68536
51448 28937
71530 64041
22751 3382
5296 85123
40615 20629
59565 75306
8595 47492
89904 9058
83658 42600
10933 10285
62558 3083
9788 12922
23069 66943
40843 73133
94403 19455
80359 85386
10649 70688
99894 75069
68528 21396
70321 13469
6724 79578
64226 5680
34511 401
18229 99622
30758 76934
39237 33976
71135 60223
82929 94488
90342 68726
20975 35080
38549 59709
19675 25884
50989 62176
1579 59603
16920 99583
12098 62327
28529 11053
9287 19705
97751 2108
68489 97639
47573 95468
64668 99665
71342 3812
92491 54842
71046 83750
86110 3815
95927 97111
30856 55629
