1 10
100 200
201 210
900 1000
1 1000
5 15
63 1
378850 382669
175797 184487
1245 12
12567 101247
981930 983038
91132 50689
44345 68607
69991 66288
15458 9832
47132 4488
61767 44644
49102 54207
85136 95594
37105 46062
80714 96859
859718 859136
1 1
56175 56175
816819 816820
723946 725386
43704 62795
553472 559784
559784 553472
12728 1735
100 200
200 300
300 400
400 500
100 500
500 499
24059 20384
23509 1230
1 2
103778 1
28603 33579
62000 7406
29460 107043
28551 30913
29847 28340
27144 20508
22811 74683
42821 75539
112852 17064
81473 31886
56318 28535
63944 105312
91866 18473
98631 87158
1 999
999 1000
99999 1
1 99999
103304 62804
74320 23296
102690 88650
39648 67508
2 2
49599 42106
105299 36715
10694 72958
65529 37444
91975 16569
107568 47750
484608 485886
32018 47537
51061 17518
94928 45576
66681 31058
65238 64217
85467 45684
1 20
1000 2000
2000 3000
2000 5000
2222 1111
62568 65250
103856 86403
81461 78566
58203 46770
62690 90060
37281 22801
81566 58588
35474 42368
87385 95258
101837 68366
81600 103000
73596 39491
26059 84855
37444 8055
76829 5703
43929 112102
40048 111221
34323 38156
96913 40422
98712 3710
102256 66831
103223 83228
1606 39065
53895 6587
64420 12264
53854 64014
9822 69621
