38391	44816
104924	17309
35804	69043
82886	36686
90295	4813
8124	41778
88794	113344
26493	61530
50852	14452
16477	88497
26983	66292
41370	14603
76631	74429
78250	18287
92701	97007
35134	82284
21121	22116
14589	110921
91899	17668
87272	39447
90967	9651
79930	93788
50071	88670
105194	112348
18163	24077
108530	82169
110685	86300
34174	24075
48276	78288
6583	36284
82889	64939
51814	58495
82151	106432
65385	107249
11404	103797
12671	10453
27468	104173
93405	84960
97659	5840
6991	64737
40702	18530
79406	76712
48689	110663
36706	57674
41435	159
83241	63655
73411	51798
91746	19304
33086	88467
73446	63885
113777	132874
128446	118470
126400	134347
117365	132016
124971	127503
114359	126418
116981	132956
119520	115477
127283	126089
124295	116844
114313	131463
120445	117201
127451	116091
113520	133855
125929	115576
121724	123161
126977	133098
118132	130836
122113	115044
131924	129459
124562	131121
133750	129210
116203	119618
123802	127452
123142	126785
122161	127498
125743	131884
113436	116330
124192	124664
133903	117790
117784	126842
133236	127401
123270	117670
131284	132841
118396	113666
114205	125984
118112	117549
132436	125482
127282	118806
129471	131062
119165	128141
127837	128576
117640	123543
133167	129931
125466	122732
116142	116167
119114	117093
119754	126575
117162	129762
131655	127709
353920	355832
347984	354781
352114	356987
353839	348532
356908	346882
356209	351533
356079	357753
352172	349498
348329	346831
350710	351412
349120	356927
356303	350461
355332	346546
346254	347938
352570	347561
353184	357695
355889	345623
357735	354740
348794	345509
354357	348027
347298	354107
347457	347747
354174	353209
346774	345409
352600	352962
350916	347689
352681	351229
348470	352246
346526	346398
350966	345483
348758	351076
353052	357436
356010	357045
348685	358012
353130	356505
353262	356206
347263	346659
353788	356569
357479	346254
356003	356400
347751	351229
346818	352710
346459	351913
345261	350322
354507	355242
347184	352641
357895	347341
355087	350576
357488	357875
352197	349992
338258	330248
336722	339668
336736	333518
334529	332870
338355	335306
334084	338781
339707	335476
337842	331707
337987	333676
337358	336601
333258	339504
331455	336409
336691	337574
332538	333153
334544	337854
332455	338102
332826	338810
336686	333113
330877	331661
334763	332787
333911	336603
334719	331570
339491	337510
339688	336836
331069	335488
337050	338666
333909	331285
337114	331457
335853	339524
337982	335458
337338	334237
333982	334829
339796	332589
333221	330644
337201	330746
337114	339337
333087	332561
334411	338827
335537	336320
335932	334453
338271	334971
339579	338999
334408	331538
334314	332433
335553	331430
334818	335602
338412	334181
338696	333568
330282	330427
333881	331342