323 1144
15692 15615
5808 5903
6153 6186
7161 7070
1038 1455
443 3
6000 5765
2 764
4451 4532
196117 196116
9181 9147
12473 12485
6396 6398
10122 10107
1709 1516
8263 8232
1468 187
76972 76990
38096 38048
32806 32789
3904 4092
19699 19699
3405 3633
856 1790
1956 1958
1211 783
3611 3299
8035 8139
92695 92686
779 291
332 418
3460 3576
1243 1266
59408 59403
7646 7335
1544 765
5415 5423
1368 441
3909 4040
22 1301
23618 23588
7625 7424
953 1541
40289 40278
4577 4574
229168 229168
55316 55310
20945 20958
1768 654
196 379
1313 1174
2308 2340
8822 8669
11602 11582
3551 3637
1814 1609
1812 247
843 251
23728 23689
1785 1450
4446 4436
25288 25315
4719 4627
10445 10740
625 587
14450 14438
485 1401
1157 1238
740 1796
127 736
2343 2188
1330 1273
23192 23131
902 288
11634 11759
7210 7266
16946 16945
10499 10693
13002 13031
1766 653
24458 24429
56194 56223
6017 5804
31641 31629
451 1258
1026 703
3556 3261
536 13
1239 645
74746 74746
4526 4368
218 1415
66202 66198
13796 13783
1597 1550
50763 50779
95837 95811
16248 16309
1549 155
615 1669
13131 13066
7572 7379
8203 8234
8141 8063
3526 3533
123621 123618
4952 4896
11657 11744
876 1430
62216 62226
578 241
6209 6333
45080 45073
20859 20893
35416 35396
23991 23925
6622 6501
1395 1416
245 773
891 212
3252 3497
75530 75535
7398 7334
221740 221741
3913 4084
702 289
27565 27593
1397 1419
24190 24116
1657 271
7768 7866
11526 11620
1453 1673
15461 15417
11789 11681
5915 5825
92646 92644
540 1372
34769 34757
13202 13102
157754 157752
567 571
1179 1629
66634 66637
29261 29264
7734 7864
33120 33117
1503 1031
5052 4922
