41 18467
6334 26500
15724 19169
11478 29358
24464 26962
5705 28145
16827 23281
491 9961
2995 11942
4827 5436
14604 32391
153 3902
292 12382
17421 18716
19718 19895
5447 21726
11538 14771
1869 19912
25667 26299
9894 17035
23811 28703
30333 31322
4664 17673
7711 15141
6868 28253
25547 27644
32662 32757
12859 20037
8723 9741
778 27529
3035 12316
1842 22190
288 30106
8942 9040
19264 22648
23805 27446
6729 15890
15350 24370
15006 31101
3548 24393
12623 19629
19954 24084
11840 18756
4966 7376
13931 26308
16944 32439
11323 24626
5537 21538
2082 16118
16541 22929
4833 31115
4639 29658
9930 22704
2306 13977
22386 31673
5021 28745
19072 26924
5829 6270
15573 26777
5097 16512
13290 23986
9161 18636
22355 24767
15574 23655
4031 12052
1150 27350
16941 21724
3430 13966
30191 31107
11337 18007
12287 15457
10383 27753
8909 14945
9758 32209
18588 24221
6422 24946
13030 27506
16413 29168
900 32591
1655 18762
6359 17410
20537 27624
6483 21548
4041 27595
3602 24350
10291 30836
9374 11020
4596 24021
23199 27348
19668 24484
4734 8281
53 1999
26418 27938
3788 6900
467 18127
3728 14893
22483 24648
2421 17807
6617 14310
9514 22813
7616 14309
17451 18935
5249 20600
16519 31556
22798 30303
6224 11008
5844 32609
14989 32702
3195 20485
3093 14343
1587 30523
9503 29314
7448 25200
6618 13458
19796 20580
14798 15281
19589 20798
27157 28009
20472 23622
12292 18538
6038 24179
18190 29657
6191 7958
19815 22888
11511 19156
2634 16202
20055 24272
20328 22646
4886 26362
18875 28433
20142 29869
1416 23844
21881 31998
10322 18651
5699 10021
3557 28476
24389 27892
5075 10712
2510 2600
21003 26869
14688 17861
9789 13401
15255 16423
5002 10585
10285 24182
27088 31426
23757 28617
9832 30932
2154 4169
17189 25721
19976 31329
