202 494
377 246
240 391
154 305
437 129
288 200
160 422
396 390
433 241
290 218
120 49
383 242
100 236
293 136
20 208
153 70
469 437
174 214
15 243
56 255
326 254
431 203
161 92
169 410
134 136
315 260
458 401
340 323
116 313
433 232
473 141
55549 27324
86162 39501
32989 49486
12617 57965
4161 41920
83515 43
8309 18252
75795 87340
13014 94854
73921 8379
88381 91936
11861 6021
31894 22297
61162 89492
60975 68643
97633 40965
94316 67087
18498 35368
83095 55448
52999 35188
60116 31720
267117 262307
231463 232063
213867 214152
296007 296889
256546 256200
273081 276474
265655 261806
231068 229705
257250 257182
257117 256176
219759 216027
273023 270372
291655 291588
260932 258555
294910 296009
265016 259898
291525 299386
267974 258782
213618 226391
207687 208522
213495 221372
296902 296403
223099 218975
234383 236786
226560 223797
236448 238354
224117 214044
208927 210762
294696 299605
230033 230671
299735 294567
231937 234478
246045 252611
285742 285669
231928 236022
274639 272181
250223 252782
236950 238479
688433 687990
661420 663834
663767 660872
619121 617070
611672 611565
631892 636952
686276 682392
670646 671975
662916 656682
681325 683748
671661 671498
623983 624172
681104 682918
659587 660259
618000 620345
670554 671327
615276 617757
659059 661343
625624 623803
51595 106443
228288 235965
16842 88167
350871 351520
858079 858772
220836 225512
557602 558342
595251 601908
688911 689510
569736 570026
13287 59930
160156 160161
23777 113202
33721 64182
10110 88793
1504 11416
30297 106165
67701 108498
37289 78265
84309 93980
608892 609609
37381 65966
29768 86481
894255 896188
493929 496630
348669 355735
593467 595995
462928 465321
7965 99578
19874 23519
31312 92832
78103 82056
70358 107398
445468 444523
110001 93719
109767 29392
183821 170500
108606 29355
331303 329224
433554 433411
636159 635964
632558 631399
796750 793564
724537 724236
642338 644334
783850 783122
708546 705957
711709 705577
590772 603999
28970 103094
440689 446447
108060 15371
707746 708352
14228 5818
30930 109820
713573 712410
18110 44158
88773 1444
26401 4497
79601 1144
98163 86523
660158 657981
18453 17670
296727 294427
6985 30724
789630 794150
253180 251046
76285 64721
283252 283755
95168 14307
85833 8520
53216 108985
35361 101328
53555 109608
565522 565540
110111 10792
232520 232542
24436 46982
261440 267264
98758 108062
