97467 66601
573317 570492
298490 295499
103348 32172
741222 739299
66249 86990
40743 53144
14412 59479
110294 11017
110991 76376
59426 28067
80154 68977
897525 897490
755199 754552
80308 19593
18859 28828
86317 106312
36421 68972
382853 386966
22765 34986
33062 84303
98738 110751
55382 84292
51735 38602
728802 727208
46007 42772
58106 10946
410399 411305
111544 28656
561859 564350
15033 1842
40403 84506
17808 70847
61690 10947
717774 718116
59476 58976
491586 491953
91583 34190
743872 741933
617059 617320
122980 126381
23856 5510
88883 67764
438469 440610
11735 48628
547597 549373
90086 27710
78592 102296
58531 81198
69232 21743
86469 57911
130908 115381
400044 402260
24605 80261
39129 40072
356264 345318
221743 216242
681861 683403
62315 25496
112466 66343
826693 825604
46017 31600
24745 34596
294732 294815
106407 68339
720910 721894
66444 104712
32073 28806
35733 37545
100857 3296
71774 76077
108354 56791
26160 95022
99538 57602
95731 57229
46588 67183
525963 528136
226967 231367
52927 45042
53762 85739
47928 51019
17881 52630
31639 89965
87997 112818
116840 127369
82379 67609
104812 17630
233950 233336
66975 7619
744673 745105
44526 59720
46852 100161
34307 4251
95475 44353
170506 175400
97408 39758
57537 48410
991219 989960
113010 64317
594339 589799
27132 31984
58476 87092
45611 100013
37287 50500
899758 890075
73077 78111
36381 55389
7311 25014
45021 111985
451587 437372
46326 97107
65891 50415
98998 81283
677006 679784
264944 263121
108375 65039
74060 17516
103472 1914
105642 90210
291039 291747
10076 79917
30407 98543
40354 69113
51959 78317
110978 11521
94790 85212
333888 339042
21542 104178
10050 81244
111781 63429
3253 16623
36143 9905
29219 53912
34365 73005
99955 9051
568285 569560
393429 397543
119007 117422
74103 19720
49480 62372
51253 102609
3739 4845
142757 142894
895067 893007
413022 408507
99138 70689
6368 5895
93100 70398
156306 158061
86920 52921