1 10
100 200
201 210
300 1000
1 2000000
103855 37587
447863 447046
122215 114183
103508 33724
58315 1830
66115 34416
12431 3631
70804 68365
602380 538083
615835 613515
6421 67267
487230 487558
18877 33375
35 41857
22162 24215
28055 23683
52530 8136
21234 6836
70821 48803
235333 231173
13153 28415
55 84316
121043 113707
22121 3774
334862 334343
67577 11553
88573 82725
83601 22718
53368 48376
333622 332341
111201 45326
221457 213837
63182 10133
74438 61836
47327 60443
743737 742364
451610 452343
380603 373728
22203 113108
18753 61032
21533 84462
83772 55585
37451 101457
41373 43103
3013 70302
103462 34214
222156 225453
70275 30736
18201 16624
756678 75713
87325 46368
532367 600286
81021 34671
435813 436856
685183 685418
65443 53445
14804 102167
27150 30167
63535 73104
32032 32887
73537 73388
87360 671
32002 45456
30103 32687
631312 631437
82767 112635
300 35557
72308 87176
108301 100253
35624 83683
36144 52843
35443 103834
142417 148137
446453 446353
20338 18354
33063 32083
524705 524423
116637 113134
537543 601234
53614 76788
3404 102462
13227 86665
63387 14363
108400 31435
105548 11478
88425 22554
104035 73886
355 81466
57483 88627
235112 230313
86412 88805
364077 36553
41023 26386
77307 26673
53536 81367
381423 382600
77147 35146
74232 73758
537060 601680
327232 330373
53647 77423
1833 76576
34167 836
367731 366685
100368 85361
38238 10132
80078 15531
3000 60722
375018 371031
47543 45115
78623 77317
437313 437436
474517 471632
663872 656540
38351 103085
37022 111508
37136 6806
104640 6804
404202 40433
25757 51633
56624 102172
122101 128218
66882 42016
145758 143543
543436 543030
67432 107355
73437 143
41121 38023
86576 13815
14132 1372
22887 88150
84170 23533
770861 770863
1373 20206
4167 75708
641230 643733
670136 674835
802708 738424
328716 336278
100621 7636
23114 60354
43712 102636
24225 103688
101578 1073
347333 343236
177834 171807
371268 370061
386135 386614
535487 533134
44276 22265
18363 8463
5738 32253
40333 52321
663446 661371
8367 76511
2645 75256
14356 33461
28215 53107
463223 460713
338231 327673
641663 641555
13573 35661
104245 62435
42876 64513
32728 21868
111304 73344
26085 36021
51535 515085
746867 733541
105377 21831
438811 443160
6375 80737
124218 113231
102320 35400
63353 5526
80774 83118
33247 83220
47304 27616
733055 735133
133437 12032
62750 74568
33882 64582
254130 251866
76813 26140
2621 13630
20113 53567
143432 146173
14745 41105
50458 53126
43001 10424
18413 35128
1334 4276
23322 57014
71721 65326
