29291 57511
71993 106208
80585 53370
36158 101547
21135 17223
108558 67905
92670 79251
75582 16608
58654 20418
103110 37108
44567 57336
18062 102222
81397 110531
100494 43227
67177 4336
90942 37533
12774 45095
102734 35585
46157 11547
90949 75558
53330 33335
105112 4510
19201 86007
9736 84916
88364 16596
2675 24908
80935 55368
73937 75115
34945 95812
47048 20433
41352 89072
104448 94772
87723 86180
72332 76117
73255 90577
23125 35000
83283 51008
100794 102332
73734 33871
98290 48375
51334 85955
2629 98751
70190 69261
13342 67065
85523 79747
38842 68351
1149 103836
54494 78160
29088 2541
84073 47908
14993 32307
21204 57465
34338 71297
88794 58563
59720 80607
96905 12437
8726 14961
33400 108647
32078 66753
61835 97311
42773 67150
48571 56386
12789 85772
74448 39842
46960 93120
68451 82083
42696 44020
12970 57368
15438 58611
54486 8726
85616 38805
105576 105820
37297 16465
109599 18835
17299 77584
107743 60802
10025 51615
67634 3733
57962 17618
97461 10953
93885 67595
37957 111639
12682 39769
2087 95828
215 55511
103706 4820
77368 76890
17396 12385
15735 39523
11038 70927
88972 40254
9588 64022
80753 39070
35332 109118
101640 71660
12764 50660
112381 40199
10644 100778
94344 78497
86206 108015
16760 96402
11162 38048
63792 87631
97207 47256
44978 16281
97386 53936
90145 16260
49119 97740
27832 48538
88902 112012
79108 37925
48487 15603
70492 103170
79104 65425
4819 72725
9490 85655
71419 6916
64150 67160
39241 60248
101635 86417
59978 65790
97543 22824
61315 28301
2983 23124
22063 82343
104942 96528
73399 53206
53443 88684
27513 24572
13522 28427
62351 66638
13636 102550
62167 106206
95630 27130
8931 8767
85264 83940
94035 71154
27958 72398
2779 54392
36214 108356
37056 11496
47622 16209
90827 86485
32644 95057
3127 74301
104137 47755
42676 60755
111920 23440
14945 8971
48327 19748
89 89
99007 99007
437308 453531
453531 437308
392960 403130
604700 589777
604000 604000
999200 999999
999998 999168

