1 10
100 200
201 210
900 1000
500000 900123
153 437
123 3799
1 1
4357 7988
12 50
777777 999999
2 5
92 7
22 900999
111111 50434
100 5000
15000 25000
300000 4
50 60000
700000 850000
89052 560891
871923 421495
311894 951931
207951 779729
17504 600582
625489 831383
456144 145322
408013 218985
676490 370297
3212 4324
761 8911
8791 6637
500 600
84669 707816
328211 281633
336916 228639
736558 526346
7744 12000
362 497
222 333
46879 95413
51 234
7951 5647
91163 7974
651 981
1174 33
2 9
52 129
43 889
88991 100000
123456 987654
19 73
46 82
973 1648
258 456
159 951
753 963
7737 1468
8884 9176
1 10000
799 6831
70005 76133
18408 900272
665884 145796
254245 539992
45727 464775
782371 648833
705656 360168
450080 829034
108806 895534
232857 787860
626776 27037
471592 685287
975369 785636
526564 952313
76133 802997
56916 16600
25563 52907
16624 64646
8588 5358
4520 1981
5734 1090
5393 9378
7222 9776
550 202
17 800
668 9047
1879 6503
437 6461
9843 3333
641 7978
89 7311
79000 981811
33 77
105 754
237 935
11111 88974
3467 9123
43 588
13761 91919
