13044 45122
102765 100783
59692 9213
49426 42807
7605 33244
1831 6985
74659 67428
89667 33698
101191 19301
45989 18712
50823 98969
29282 62945
40560 74520
24469 100275
60827 79082
84161 55745
7305 23630
38721 39628
45746 30983
20586 25790
70382 40660
69219 84137
104174 39806
63755 94243
7229 86509
93405 36563
95162 100694
19700 11873
42052 45653
26813 66365
10772 80215
53788 16533
19198 48947
14811 99353
103153 16252
28070 13338
23155 6362
9694 3515
38745 83702
26596 53172
62528 60051
76174 40733
43325 88676
1384 46332
41032 82802
3894 82617
67820 10212
6765 67669
73469 74456
6793 16332
10512 108756
36652 48207
109703 14413
103223 90691
78192 53236
11410 93078
57744 37934
41888 4073
101169 88018
62336 100741
108793 50401
4534 8103
2762 6747
37900 86038
24546 39942
62506 79585
87851 97454
33944 89125
45257 20528
42439 14063
47670 70577
70666 81010
49999 81356
108481 64939
61135 21623
14753 23005
67649 102911
95575 1859
69516 106439
38006 19445
29013 39359
44574 58282
107437 90479
107099 77739
90837 8992
83519 3516
36214 20999
25024 25067
67265 78469
87324 72138
44232 86416
104201 31104
18015 55859
82841 137
33735 93121
64362 46567
105804 15307
59529 96214
28011 51448
1733 109922
32575 23108
44629 50235
57551 64236
83859 22983
43675 44972
57870 18152
71627 63362
40590 1062
22849 91444
92041 5150
101143 11449
66427 13333
8466 91895
67694 86933
32795 96418
47941 54676
61879 101106
22046 41950
94633 67059
16585 56459
54846 3572
88657 54097
101375 330
109930 59522
13757 35157
47483 105223
33519 28775
95137 88835
85356 76023
28213 55634
69971 100922
18171 58774
92623 108575
9404 67952
39228 109116
23549 15825
101400 40024
6234 8927
3548 105959
85719 65615
73421 72914
67321 28294
84096 3607
8092 13821
104452 29748
66421 92234
24974 32415
39164 20427
31471 87018
80397 97297
68899 63594
4547 69240
52082 1817
80605 25380
108009 99103
38992 40561
87146 22110
105484 26124
7280 84552
65088 70589
57366 35718
45411 107424
25699 73479
65448 22437
81357 4213
21717 73300
33089 13030
62006 100914
67976 20651
55054 88219
17804 97948
35494 26357
96054 6303
15628 3682
100050 47165
91989 46640
25220 68700
99111 84717
88556 56788
9936 54850
99808 92784
67561 55342
52334 34154
49469 65462
9750 108026
70196 102981
24436 55890
6427 41423
95923 62472
23424 37028
27874 69263
33516 44911
42137 13184
28754 75012
90115 48900
38519 99517
