1 10
100 200
201 210
900 1000
999 999
900 2100
999990 1000000
500 300
104953 12383
98618 99307
184972 186791
2496 110592
75716 104807
30319 62077
655512 655725
397601 395973
845787 845826
58507 81184
108915 58622
37622 45744
52361 3224
131524 133003
50807 69794
159752 160247
57915 48086
17180 13002
448541 448122
46460 80486
68656 49231
93466 26073
84106 27413
30724 96639
664772 657300
21496 17815
4631 26638
117725 121473
108271 58064
28185 111020
45015 24734
70171 71189
338033 333038
421716 422763
65966 102394
77853 21087
75863 35325
629472 629006
598359 590802
77504 74306
4317 7468
28559 65031
8555 42103
99703 47642
91247 37212
139320 146108
520285 520052
141367 144895
43388 11526
99959 23406
33264 13689
829666 829938
36528 100231
100424 41098
17288 8233
45337 26472
76064 97342
954740 954134
3654 58884
85561 80816
96302 31266
88385 48478
453316 441541
213191 226656
58430 25143
107964 30972
21841 54643
107568 5976
10924 105709
267506 259320
225632 214874
26308 75366
45901 25732
317745 317028
196600 191612
65464 21475
66464 86839
66929 19110
94452 60251
2606 80574
51097 112763
72534 8271
21898 88243
102919 86568
78504 83366
39240 19986
55384 35699
3810 49137
170347 183066
183583 179654
97359 58312
223260 215108
46254 84632
354720 343847
214581 218251
99885 28728
71026 66704
110753 9301
549343 546181
21987 36838
