42162	104730
102375	20463
93293	312
3892	77378
49890	110692
106584	4058
47251	80500
109309	99219
30120	53294
1931	75178
28138	71261
19572	108896
31320	42903
23555	24792
112375	26659
19439	112278
27089	48405
7172	62868
41383	57906
98553	77901
35568	17902
56864	16884
45801	84833
87976	89729
107836	43280
35113	107317
96744	95565
46350	3645
50279	48949
107726	51635
84388	70448
82041	19200
56754	107613
97535	105689
21583	9023
77183	11223
109715	94081
7469	3344
109307	83087
99683	71235
76150	13688
76028	40157
2498	83034
8564	26261
100724	106128
87267	67548
64071	18648
44157	3777
89948	74592
87194	103832
87797	3650
12836	75053
18018	88756
31523	111333
75616	36841
68219	63786
30898	12470
52787	7056
104151	71879
86338	55948
69810	15499
92396	30892
19260	61831
111850	17634
77244	6539
52562	112038
46755	97621
80944	74497
71156	62542
39217	61444
32602	17238
22153	45392
56805	34696
82732	2443
80495	76501
51497	44177
105433	84091
36365	41846
112606	76168
68303	44148
15144	60052
41934	95640
75895	29477
72115	26879
44344	83707
71221	13021
12922	51798
57430	43881
3919	46406
68231	2012
87221	64592
88439	642
21367	24405
68692	64870
16372	60982
85078	69591
21517	51989
66513	45796
18160	4713
47158	63877
