1 10
100 200
201 210
900 1000
1 1000000
1 1
1000 10000
10000 100000
1 13255
1 17646
1 17647
106239 142586
106240 142585
837799 1000000
837800 1000000
1 2
1 3
1 6
1 7
1 9
1 18
1 25
1 27
1 54
1 73
1 97
1 129
1 171
1 231
1 313
1 327
1 649
1 703
1 871
1 1161
1 2223
1 2463
1 2919
1 3711
1 6171
1 10971
1 13255
1 17647
1 23529
1 26623
1 34239
1 35655
1 52527
1 77031
1 106239
1 142587
1 156159
1 216367
1 230631
1 410011
1 511935
1 626331
1 837799
4 4
4 5
10 10
11 11
12 14
19 19
28 31
28 41
55 55
98 108
130 145
172 193
232 235
328 411
328 487
650 654
704 763
872 937
1162 1249
1162 1665
2224 2322
2464 2631
2920 3175
2920 3695
3712 4379
3712 5567
6172 6591
6172 6943
6172 9257
10972 12342
13256 14695
17648 17673
26634 31419
34240 35497
35656 45127
52528 53483
52528 60975
77032 78791
77032 100167
106240 115547
142588 146599
142588 150015
156160 206847
230632 234239
230632 263103
230632 345947
410012 461262
511936 546681
626332 704623
837800 939497
