963920 966769
716572 716593
163649 167286
709499 713119
33995 95360
360484 361974
728139 728565
483554 483570
752812 752972
317071 318562
648411 648727
980770 980879
247364 251848
150491 150499
580065 580405
521944 522877
568301 569544
404580 405195
342883 357919
166589 167261
966163 966785
193662 195736
650821 650840
623403 625921
90636 108972
354078 358325
332111 333546
303703 304776
724014 725336
186764 187687
29458 93104
183072 183198
743567 744293
56413 84541
910718 911452
319818 320073
232228 236720
90227 96784
176009 177377
217729 221280
423657 424132
317154 317266
782018 782123
950122 950205
129876 130973
86976 94225
4549 15967
49353 71072
401175 401463
384623 384691
190756 191312
887366 889563
439788 449921
192606 194905
66948 97955
943907 943948
727095 728376
658885 662335
815699 815733
393915 394540
992864 993393
174738 179518
443385 449185
587352 587633
454084 456313
764940 765044
841563 841686
270827 276191
816506 816714
176674 180511
452760 452796
824776 826877
486696 486932
988293 990419
376295 376642
796079 796098
9201 69366
723619 723895
974388 974625
123899 126920
866984 867660
418890 419174
353889 354266
669590 669606
708343 711877
178948 182533
173297 176400
622100 622454
677649 680002
833556 833630
741633 743750
6137 26918
476515 476600
349196 351666
99319 111797
186279 187482
513901 516363
976944 977507
443997 445688
834240 835183
98443 105392
680633 680907
784083 784927
892257 895457
88924 106139
32869 106892
649529 650734
461232 466052
523216 523402
357844 358226
102132 107356
363107 363112
990789 991001
237302 238150
870174 870883
825428 825875
731448 732241
746637 746996
754378 755296
835787 836077
377736 377800
223270 224524
268067 268147
783964 785684
738481 747205
931775 931798
487551 487753
608829 611570
674718 674792
509541 509647
523641 523915
881826 882031
722911 722923
970180 970634
220305 222357
123627 131711
663101 664689
137658 137706
241128 241544
598840 603569
131205 132298
825058 825498
235668 237629
185616 189623
454401 457792
327759 328037
995117 996876
775780 775784
467732 476742
999262 999957
774728 774863
108835 109935
168163 168210
106199 108789
677646 678132
83269 86157
897994 899108
532858 535179
122684 128568
659211 661421
540434 540476
124619 131469
444184 448334
363659 367602
2748 22008
439083 444564
953860 954970
576453 577227
816016 816028
573852 573856
328606 329868
936114 936760
895898 899447
3463 94225
447107 453001
169082 169723
109007 110593
506909 509373
238681 238784
412543 413672
665207 665208
486294 486512
654551 654552
483311 483587
854019 854079
969844 970876
108864 110330
780603 780606
876404 881582
708546 709804
691030 692469
249758 252330
379800 381000
796037 796081
794187 795171
216725 217933
280274 280449
844704 847709
377094 377313
616567 620969
