1987 96325
97785 68494
298971 296898
104414 32798
742269 739637
67017 88877
41133 53878
16201 60586
633469 632217
112033 11424
111286 77794
59698 29060
81968 70557
899313 899236
80754 21729
19776 29051
86404 108300
37667 69850
23415 35595
35063 86237
99148 112519
57375 86111
53561 39820
46812 43798
58817 11164
412343 412975
113156 28769
15220 2600
41538 84657
576378 576981
18697 70921
61761 13013
59666 59750
492521 493337
92366 35927
744091 743078
618284 618978
124492 128415
23961 7230
89385 69868
438477 441252
11936 49177
549133 551452
91950 28639
79380 103360
60068 82079
70055 23188
88473 59222
132678 117473
401153 402446
26355 82373
40615 40298
222510 217464
682670 683674
64268 26749
112751 67584
586193 583357
46433 33445
26556 35357
295395 296553
107356 69648
721978 722898
68555 106191
32103 30156
37392 39629
844678 846969
101252 3509
73206 76109
109474 58436
27327 96017
101526 59659
97307 57833
47512 67446
528056 528939
228494 232221
53967 46893
55558 87206
48289 52054
18679 54080
32390 90511
195273 192403
118490 128574
83837 68959
233599 227747
104996 19443
234442 234314
67384 8476
745451 747015
46385 61306
48292 100319
34506 5811
95621 46433
171852 176693
97651 40249
689064 688644
57627 50251
992952 992246
595980 591810
890775 891663
28217 34075
60139 88687
46344 101031
39379 51948
900493 892100
898769 890313
73976 78926
38257 56028
7457 26835
46681 112150
369616 375976
47752 97421
67612 52285
340552 353097
99839 82995
265646 263143
108735 66353
75008 17972
104750 2302
106987 90919
292594 292549
12213 80625
30631 100184
41809 69493
383105 383667
53073 78817
112810 13516
95587 85416
22570 104557
10527 81513
112405 65407
4033 17855
37815 11052
29915 54644
36210 75000
100656 9423
569143 569640
44307 8
394797 397645
121001 119132
74307 21793
50380 63545
53126 104336
4233 5940
144174 144413
895680 893037
413420 408928
99857 71201
7618 6407
93216 70472
156808 158897
