98117 29218
42582 7820
45381 19590
41662 28872
26075 78059
819770 820089
95771 10966
442224 449968
50529 105200
292231 302140
79374 90448
1428 77842
226854 231795
904435 903525
179074 181862
51238 5080
24699 108725
40497 112890
47923 41705
188446 187133
100033 6285
14269 98390
43775 43051
18299 90155
85800 109441
42906 84872
124237 131784
60715 25213
61367 27389
95530 91432
35186 36414
66199 62015
111441 5037
83366 104353
55552 67066
897378 893321
131793 129731
237240 239220
61670 38369
890118 894345
418465 417907
16347 83127
517743 523323
94115 2457
123912 127477
2776 45751
120507 134152
54589 85686
468394 474076
84402 85150
77800 38271
57133 50557
27070 106106
95708 19352
164220 163494
103471 2328
24397 101366
90174 72701
89875 15241
105229 104002
88249 44017
54480 12568
45515 84640
45871 34696
984877 990602
833149 831006
58401 94934
912066 911007
56478 83736
74297 96023
836732 834498
14807 106158
618624 614929
5351 82577
110635 61973
947505 950490
37688 61144
107593 7929
106593 15853
102704 32484
150030 142957
90787 84046
18860 106226
12426 91939
49772 9491
120500 130337
53451 8115
173893 170571
636711 631950
598033 590635
34854 78580
334900 334312
21425 72513
79714 30721
54147 36874
49873 49486
616793 620811
28400 4407
468787 471539
489634 489156
593152 602700
54584 30018
172725 170842
17845 80859
9891 72809
102040 33666
7364 111152
16579 85725
6485 83989
19497 78256
250146 253855
