1 10
100 200
201 210
900 1000
1 1
430695 430529
484470 484377
609863 611994
692100 693078
531050 526750
244 246
374 115
136 240
362 730
475 625
919 897
539 136
428 23
575 391
554 853
289 432
418 634
210 451
260 800
177 744
169 22
145 893
592 217
740 961
419 749
463 769
97 246
402 207
731 259
952 930
269 873
209 787
862 412
611 80
479 543
516 157
833 679
68 558
185 142
960 529
461 356
935 272
187 714
786 275
769 937
694 749
745 646
200 34
392 921
604 394
39 222
918 168
958 778
374 715
681 444
316 144
296 619
949 640
820 904
783 364
358 292
686 905
848 177
839 50
841 103
471 2
683 761
397 954
680 204
989 263
273 978
265 923
884 903
275 341
151 488
433 688
570 668
43 605
682 150
128 729
5205 4579
9004 8588
475 8754
7583 5507
1675 2679
5876 2319
9944 8962
9519 3983
5713 3079
7209 1757
9804 4829
7793 1252
7152 1589
1856 1077
5079 5888
9779 7665
2970 4958
3883 5278
2284 2060
5846 2848
1390 5611
9305 2447
7611 3576
7979 9593
3822 5123
9983 7895
1321 6316
1634 9964
7608 499
8178 1173
2957 9981
2827 1319
4833 3557
9406 3127
3509 3170
2033 2890
5666 3430
8689 2313
8066 4668
4411 7371
8836 5336
6274 8117
5879 3791
2327 6755
6964 5331
3278 1941
4063 4734
973 7370
466 771
5512 7725
